t120 4214935 21714803 25590746 42329704 2748220 7247582 1268815 19386085 864009 4772528
t121 9287095 4024801 2734121 2982057 11403331 4047456 13907484 7758665 12504789 5269249
t122 5134399 21609212 19308012 3510425 8954781 81562701 2787235 1387374 4320052 38803094
t123 10710842 29858807 35443151 22343402 31042311 2774698 8735515 1387374 35534799 9115565
t124 18547900 9807362 5492814 7695517 13252263 1321718 4990148 12932129 45282561 11254178
t125 36624750 2099059 92208139 4814996 2748220 866483 2441864 31578330 61074398 4772528
t126 15909007 27916396 4662809 221981 664535 5397812 93562809 20126420 23416030 4772528
t127 30877101 3208577 26521784 221981 14932141 8409996 3904507 49423560 8197780 6273171
t128 5323946 16356072 25302835 4728951 7283706 2034282 18274567 34976114 15786247 9697839
t129 10076883 8089858 4312959 6359437 22832174 6863534 12296693 1543909 28863178 10875045
t140 3571672 10896643 2522853 7601838 3433312 12858304 13462527 16682271 7434201 19786321
t141 15105573 1343152 6047534 10549252 21446689 26275369 8718752 7547231 48496002 4772528
t142 19884484 82359852 16814731 9690468 11349579 15263928 2825779 6845116 28378346 34167285
t143 24104304 23236486 5316286 7020592 796459 14453732 5906123 13038173 40550778 573229
t144 24058885 33848162 12202113 2495072 16801663 15862462 3378676 2538084 6838428 31965966
t145 7186736 2571604 4662809 2982057 11403331 3237769 769068 15030930 55948355 5219478
t146 47729438 1214676 3161370 15074140 34226141 8339689 5984758 6075217 2760930 3341923
t147 5955634 12767641 16128103 59283374 11474414 21305554 22573647 5639488 26321189 19140173
t148 14928648 48978961 45315069 23028291 18361854 13145752 9642153 11909777 3657194 7792561
t149 12092961 58428632 16213590 47815826 2207496 12415262 21681088 20119887 16944545 24409649
t160 3571672 6093844 1343447 4338416 7929316 11822347 16237984 688888 17914334 21200718
t161 14033101 21749665 8419018 9726470 48017798 11495353 1205178 24051640 36094083 13676888
t162 2639036 3000654 30168785 1282165 6640721 37136132 36908436 20938838 30834058 20792340
t163 33018757 11610006 5492814 4856485 17618719 16059930 5552966 1387374 33075256 16161757
t164 38721389 20801520 4021453 15137914 6222137 23591093 26473829 1387374 5652436 30868272
t165 2282349 7732282 20145317 5520818 6640721 15731829 905169 5286212 8197780 13695816
t166 809205 48284796 27815339 20484676 13798831 9007244 3260388 2538084 17177982 22184023
t167 7448745 8284588 15819253 14990126 1071961 29307063 3363382 74039644 3217651 4433461
t168 40200319 9807362 5492814 10742978 6640721 3513580 61927522 12601928 17743852 4211771
t169 5369192 3388495 3884306 5227499 34710881 9239259 11191511 18596342 11682615 7624451
t310 25603537 4201661 19691303 2134597 971634 4075105 10087114 3306843 22251599 22317359
t311 499901 12483789 6791830 5012995 21795334 826913 10135071 39733204 2859253 23099402
t312 15659812 9499444 66340411 8059393 29814272 44001448 1795178 12548580 63757216 20970718
t313 55408553 8994009 46064615 30994811 5249506 4660764 13876945 7818171 33962380 31566624
t314 4943795 14727645 13870348 11302840 43327347 28552794 7155983 33712052 7132945 8365403
t315 47275777 20641833 3286034 8874632 46552787 24721856 17092396 18067939 19763830 689309
t316 3592563 743784 41173427 9674627 4021057 42287744 86333097 12520931 16996090 2826258
t317 17228294 24816326 5326472 5646258 16242304 6298001 2360748 9481631 5681660 3833357
t318 25039779 11803308 5034143 20345841 66599980 16490249 18159047 7758665 6399182 4294267
t319 16030019 5881465 5492814 4905603 72186544 25606887 11972176 13720767 25058115 9214311
t370 5909283 5837919 6270851 877623 21809465 26013790 19171855 8232884 1495720 15300130
t371 4122448 2169306 3669706 16783565 20567818 53269265 44991197 18708343 2967061 821717
t372 8514429 2099059 23648255 22500116 22866950 21538755 10278487 1217806 16242564 4772528
t373 294548 5108509 5677637 20851654 28784168 20084966 7667310 10432187 10725952 8856493
t374 24170477 43405663 2370959 1012283 23384 7310767 38322272 18708343 36625049 31470920
t375 712318 35738786 114095571 14582692 11337329 30322481 15276208 20070687 847141 31871027
t376 14008893 4526514 13249381 15137914 809847 7841685 1089272 4394741 509024 13861482
t377 28508392 20641833 4053038 8874632 13778450 24721856 4170894 18093669 1695871 689309
t378 58704742 39979797 2955517 7262137 1639368 2549989 14667772 27308087 12438659 956308
t550 1792660 10797743 9225136 71256 7567316 4874344 17801700 1380443 24176290 7289704
t551 3040039 3726860 15882295 33219 8597931 2201741 18512549 10866082 1257949 10072758
t552 8514429 10954156 38167547 6337730 6147645 13662176 7899693 6370858 908682 3646417
t553 9340943 43321647 3518955 13485113 18841040 20157322 49520726 290780 40897 22116999
t554 3520307 7600906 71811422 8521247 23641919 13662176 667212 32387863 908682 25546408
t555 2391940 26983522 16686886 14799220 10558692 9284786 39937964 35584123 13978831 14395001
t556 58422478 7198595 19817323 37036864 7203939 3551999 8919818 18917694 14658467 16016370
t557 19530066 1593811 4873473 8521247 36390479 6696045 11513758 32387863 908682 25546408
t558 30586492 46982306 63679507 11327053 2118419 69407982 3765933 31077511 1400705 14584074
t559 5986964 4238250 441138 50830648 47946690 4874344 6135761 22019650 33660501 10225170
t570 3414776 22490470 5492814 35262631 21795334 3162374 11941856 25971718 16619237 13663196
t571 1666664 30334533 2778422 16367564 22639697 5076228 14222903 8699289 53 8179145
t572 67825053 432056 2640938 29432552 1195859 3162374 2242898 8705239 16619237 38020525
t573 9120620 21944145 19474352 4009916 4372388 31657558 8718752 15131224 43283890 3473716
t574 121724 49511876 21687479 8657161 28756273 29430371 10352988 8011659 26504818 17492331
t575 22035997 2150731 8014022 10497361 62918706 15161730 35794090 23180083 26504818 4772528
t576 3387120 5348893 25122465 18697680 1195859 71565694 80786 77740073 33177122 5340038
t577 2418368 8433767 1089815 13073957 4943100 3964006 21331787 2023709 5297129 19881858
t578 14145769 28661034 22193483 3336794 6640721 13662176 48538929 1768870 908682 9856539
t579 22374800 17482721 19242832 14032659 4211154 21086807 7323290 16350905 24541596 4772528
t590 9067881 3621456 6047534 13166181 26021690 11962715 21059005 2604160 5264004 54167600
t591 9745586 5721567 44418779 11327053 6701356 11962715 532047 17827601 22947900 4503351
t598 372716 3621456 6047534 6639974 44286563 4874344 2803438 22913885 18433060 32545048
t599 8514429 432056 103598205 2230107 9269737 12778263 2645217 37491840 21433244 6901884
t730 29443585 14931629 5492814 19451264 14147696 38259828 12366550 23847141 33995996 108734465
t731 21284937 24914172 14693788 11615707 9357103 15268914 11752617 12680990 27037660 4503351
t732 42859168 31093824 12571860 4827947 13080517 8556509 4899203 60984868 1899906 16538523
t733 9145216 2577044 3179071 2077750 12934246 22908887 15710438 8709159 8211654 5267883
t734 3551122 21217631 3180619 15137914 15464498 17190353 1770018 4419242 4528250 22076005
t735 23698 33786066 40371992 3473527 3870534 22167271 16814801 6023239 11961208 3112365
t736 10893682 11583698 26753005 21216520 10461959 8871763 656781 2248588 422511 12073838
t737 27287301 24686628 24405134 2115078 90572308 14373579 8148493 5205495 11336255 21200718
t841 515933 8714235 10632210 3352814 10981444 12741371 6898707 16269696 49209772 24778499
t842 33477181 1316690 44812687 40245037 4339584 10265488 18186288 37628432 50742236 9831019
t845 2568837 8557704 3146562 45378958 8217291 20479449 8109444 11261058 4519709 6015310
t848 6559359 519261 45096673 38049155 7208503 6711429 55003997 4768841 14509695 7129834
t849 5129591 7463279 5492814 5415738 17607545 45889608 34423349 19654043 18949488 747445
t940 1181635 8590147 5527283 15137914 6676343 4916030 12522109 24712009 27000476 16937088
t941 5171468 13452603 16474290 15137914 11772785 25759845 1761925 22272162 18229575 1723047
t942 33140831 10449959 3821675 2806151 7692128 20105695 3335270 16006334 15946243 17536109
t945 25448963 14164914 114524 19611901 15006729 9691761 3070740 7296692 16512861 20649539
t946 7674643 4163342 5492814 13059736 24866589 81714797 61397085 17705388 13189793 10347286
t947 4857016 62249691 6414226 64521521 5619400 28789004 6895416 8564435 14067441 7890018
t948 21548499 11960134 40849333 4698058 1772796 12509812 9464159 27944791 47265064 10140938
t949 1517228 23579931 114524 18243619 14506632 7727547 20526284 5738101 3533914 11828531
t960 9205805 11815746 13504708 26736163 27859453 788843 17896114 1392311 15476855 14820125
t961 3073538 2408922 2161327 22915151 329524 2673043 983887 11320435 18147921 7999643
t962 49990025 22587715 3496334 2543088 14774053 15890176 12604790 72648419 35692467 15401361
t963 37116325 1458617 30909742 15611780 27859453 29910372 16714802 7647129 26851826 5986043
t964 427256 12043392 25775520 21434598 27170652 90944373 16502237 26311794 26052792 51145269
t965 80983841 5805296 25734592 21346771 955016 7863165 3260388 11248115 1039079 22184023
t966 41266046 5498259 23718935 24848373 15523563 6515933 12969716 36775318 8322933 50105616
t967 30066918 4350310 506584 27191616 31742581 25922969 32456762 1392311 5888531 46349798
t968 67134080 6196574 6497397 40916539 18512446 31728371 14414763 29179907 56809982 17137859
t980 4289572 6597966 325579 2738680 31914274 339848 1089272 4130471 7663136 4772528
t981 50183652 74132291 16085128 82007715 55880300 24272898 9028621 83213105 68081979 782121
t982 42837412 23504803 5492814 8883060 84443127 12613585 37204637 7982741 5309989 15125577
t983 12891998 9374436 7831378 9363752 3938154 1508059 2244390 7727073 6071514 23582714
t984 9147387 17200803 68934025 16216710 5436967 2682546 39817721 13711333 7115607 59553384
t985 2407132 1967234 5492814 10002726 23558580 26017823 5204973 15633195 36077111 3018678
t986 18054327 16457902 16624212 37172215 22527218 14796479 1760875 22600309 4689450 27569918
t987 10150250 195360 41740163 21563995 54062550 3100335 12289358 8558470 23622292 4772528
t988 10025023 6437080 4472366 29534113 3793290 29021613 8310908 53277137 7115607 4772528
t989 11445513 20166805 15284831 22466953 36265190 18181732 31089879 7907597 9937788 32241477
t1048 15547503 254497 35409698 13349871 2611948 93936689 7946937 58688953 3142815 30970293
t1049 7833222 53985880 28210935 18315803 6280428 6539834 38019908 1260645 9789992 9553729
t1060 39908520 3702127 13936811 10074579 30760524 4404301 63909994 12932129 435507 9961218
t1061 17308460 1128271 4265238 15655527 21926050 7664084 3015136 21114856 17203077 4772528
t1062 68670854 4730391 36139207 1906086 8802350 5177544 10774720 500461 55664977 4881318
t1063 21563105 2445686 12214823 21021355 1870686 12632667 13000322 28507942 9793904 1092708
t1064 49794971 33738391 9849638 1578454 39789635 28789004 31439655 18599907 14813907 13988251
t1065 2179975 549749 62122117 1268242 12577358 6768998 25215967 9684644 1690756 5342090
t1068 17752273 16020286 9796266 32173939 13847264 5885260 22707358 6508806 9576193 10410566
t1088 11523188 35511911 26831543 3416474 7086813 33775465 12358927 2668248 31941296 4772528
t1122 5610537 22831150 3895819 20345841 29724189 9150348 5204973 12814376 14632712 19046569
t1123 4098906 5235569 15444220 8166329 46126019 59218785 11821644 11432193 5637769 33389589
t1124 43560851 3479696 3418405 679456 3571687 3161806 58061717 1726466 57213716 23187478
t1125 28088545 1793560 11442860 24748624 5556380 51286858 11733057 35726264 2769 8321941
t1126 18054327 37980825 6270851 6342986 13102370 1388742 35481093 34621158 53864360 4772528
t1127 14201322 9577968 325579 12318672 3029183 19081094 13647341 35726264 41980405 17956689
t1180 13529138 18818576 3756767 52376625 2364175 939418 2201874 892767 20660405 11301603
t1181 15761634 68762469 19212487 7948179 16748827 7355424 78845590 33279323 9933965 16379470
t1182 13237291 8088743 49156263 6756917 12393444 31546723 15898459 10366563 26102640 20696445
t1183 10098570 2982330 22858522 3423847 12378094 26230182 5410946 10724102 26162117 16312339
t1184 31771268 3896973 6706355 7948179 5362151 1678680 16964688 13372556 30261201 7124387
t1185 15423698 2392782 4873473 1696440 28076881 1279579 22545835 24049720 5632608 13623920
t1186 9367341 23063629 6348480 10209513 20639679 7770527 25791328 3210123 23711994 36227204
t1187 91077996 21616761 4873473 3041690 9036057 15659173 36428699 38383773 12353662 35845517
t1188 1640961 31320707 18535740 15137914 41461340 11355450 4876202 12941015 4338762 13484305
t1189 16225159 13705693 20778312 3240836 8249914 44349317 24088760 29109090 20353224 3570127
t1233 96823048 33108321 4434589 76822784 22482651 53177127 13721829 6857042 8785827 20333833
t1235 17025188 20741655 27558201 86104630 16102669 7503209 30683036 14277998 9511065 22066416
t1280 6091746 38397188 33203 6152853 25898537 24456492 32995783 35026619 30839147 3858075
t1281 26357099 13358880 17748475 3620218 10427845 1279579 2533734 15788335 12679564 71377988
t1282 1746417 1084763 61092961 10601286 3701000 5546000 2943365 3350173 9302306 13929579
t1283 10836669 2806523 9467959 28559832 24866589 11595370 16055693 21810930 1234432 4772528
t1284 3808865 11786927 13395700 13386855 13039384 5948884 12720702 38264938 9206106 1833981
t1285 54361334 824832 26625359 15137914 15507687 1220062 5991887 14173795 14857145 14540748
t1286 2916221 6249299 21934843 17178832 11196017 11096938 34214734 46797543 10827273 33389589
t1287 3550965 13496141 46717125 1666123 4302544 6891593 3346656 6847241 7846837 3456719
t1288 5836947 16096087 24917799 24964068 5369321 20116181 2605390 18736823 30946144 13162488
t1289 7097913 112384 5764611 37458527 22708881 12019617 5945557 3882713 439213 86278287
t1297 14753871 4411736 70256217 20949062 3045835 16228181 27917468 99281162 6590714 3360099
t1314 23735217 5506670 4234567 7391236 36200803 367986 13256855 24916586 6840002 33389589
t1320 580764 74737854 56568019 72604478 4196547 4844060 28637213 86136823 21785203 37391623
t1321 13515525 15812225 1951034 15137914 16699578 3196134 15182590 4711425 12679564 16856057
t1322 7249356 6936171 20202945 24036642 38278542 10001083 5824629 16570179 19042431 1833981
t1323 2642365 14678055 400619 54069605 2600097 58305518 60605215 3813890 33451916 3002075
t1324 14410584 4150907 4797511 33156141 14389651 31677802 19145712 20860967 190976 1050536
t1326 30971238 21292971 19981537 884657 10132279 253663 22369093 13732875 14107663 45103483
t1327 5464028 10509968 28613474 441010 13701072 28789004 5740642 19761322 31842773 5920697
t1329 1189708 1208438 27820703 16741928 16102669 4724629 1089272 3966835 6671443 7791219
t1350 23387143 12428222 3041258 12165348 23436823 11564581 54220117 5344399 899330 16891906
t1510 153471 32153139 104063 2366221 12657432 52042388 1684403 52306996 3012 12377461
t1511 13143126 39830516 18804940 70293084 8335527 40450574 735353 18549832 21008600 4462999
t1512 24656044 13567100 6047534 47174881 11148626 109956 7442368 27462006 4302627 13059483
t1514 35448247 102972211 2602312 17963038 509082 1279579 27474827 1099096 13893924 3650669
t1515 2851927 56098132 41201008 5995666 405940 5810129 29756678 3198400 42772978 6153570
t1516 6400965 18555773 4993867 8188030 83459 6608988 1100669 11496700 5981791 2041733
t1517 40906500 16474417 41940264 4447570 1352156 3633603 866888 23156352 2921501 5895490
t1518 3214200 1877825 34056617 1296879 4804280 11815733 17502953 17745465 7598197 12783269
t1519 20169454 24709130 682362 2311670 9325231 45989224 45158924 10597376 6679878 25184582
t1530 5757769 14795357 97853 8020615 1481147 7914736 25791328 12384292 29598242 18446081
t1531 66359889 14309855 11315459 8996220 41958788 620818 2605390 735912 3257428 25783146
t1532 14201322 14020019 7273124 31292148 47920454 17265892 12057035 20750757 18503117 46644876
t1533 55854000 46360300 4720295 1457359 27128729 16282712 44410349 18640123 2282733 595162
t1534 5722656 26157019 11980854 9016761 42440390 20918436 52685111 25317252 17673981 33354779
t1535 32884128 14350603 3039026 14186940 6139895 14921846 25527925 62936646 4798104 50779498
t1536 1255260 17704493 2192982 7531645 14068422 7341962 1762283 13000626 133733 19519657
t1537 23532970 4411736 325579 8996220 40351244 12279303 7218375 33132745 21613390 21733442
t1538 1044704 26369193 7961863 27513473 62676713 61601770 17104419 51329040 15393159 173682
t1539 4122448 1969523 2834834 2311670 66693731 1115926 7382597 1661607 6199242 4772528
t1586 20712646 15246817 33652879 32632023 14782802 2532571 4472581 15652881 43955240 1322224
t1587 41605662 19801796 11788085 8864376 3510585 50119176 4722295 30721317 773108 60063390
t1588 67084049 4911959 5973832 40341402 18498923 5419277 37240951 500461 26067165 12566676
t1589 30194829 20849365 43918346 40341402 60446464 68832366 18159047 15083139 609295 16600505
t1652 22723784 17597082 23248922 16719922 584562 15801158 4321714 12195663 2970934 29874308
t1653 21085822 16841404 1977137 13440376 2546547 15801158 4807833 1893750 3787457 12807743
t1700 12466740 5255653 1545057 8978230 20781684 36462430 2434528 38264938 11464391 8112567
t1701 11808733 27188501 21141144 27033062 8606278 27993706 23100215 45984339 7768578 765852
t1702 21844124 1461131 4031268 8166329 11482021 10731622 3647668 1304546 3346060 404355
t1703 15144274 35390840 13898339 2311670 501975 7336838 1883249 20505322 6074173 20604744
t1704 14875092 1416942 5492814 19407725 10194999 12524445 19017725 18160491 766052 32245758
t1705 8356736 17401184 987236 35223621 1510681 6863534 73049562 13151242 5981791 12195730
t1706 7845525 3772942 820522 6390176 12803039 8955289 5707099 8367438 33810342 6538584
t1707 28347103 28297716 31881935 10549252 32836430 26177059 9945224 6350132 17473886 3123358
t1708 31780646 5244470 13511787 16621971 2530595 984890 4147463 21882057 6448209 1570581
t1709 264999 47953000 53957498 50081980 21795334 7967498 32343016 32942194 3556908 21810312
t1768 6354496 13095130 45700007 21695394 1481147 4404301 14990274 24933845 1281623 3591154
t1952 11729078 58365980 19104626 9022316 20214431 21388497 9330055 25057680 1453713 490148
t1980 1345503 227827 3418405 15137914 6189937 24560596 23400813 2845131 9129675 5920697
t1981 26208602 22583594 23679950 5485084 1593513 7304685 29301058 4431012 28412166 32700600
t1982 29713388 66996639 11928261 191953 18524661 3657929 6930147 4800609 23463274 35748858
t1983 6674426 11090138 4100873 2311670 6602739 30273909 28823107 4837546 24663513 23815220
t1986 9781703 6887560 7273124 15106143 36656623 17524485 23021869 7452271 4604894 56040028
t1987 9233670 9606831 2692916 33247435 9325231 26636679 15929205 21916689 1236707 3730788
t2023 4289572 6597966 325579 2738680 31914274 339848 1089272 4130471 7663136 4772528
t2080 5439894 1092427 17354984 16700497 32190724 1563090 8674503 7452271 26928263 5864161
t2081 3571672 1800276 68023380 9129293 20415596 4983307 7261150 28241828 12578924 54351838
t2082 14078818 27419170 36680403 65253335 7318480 2946844 5288050 23604429 25048986 9739209
t2083 6837566 27507419 5492814 6187534 4731338 2661726 8818571 37401176 8998094 42473054
t2084 1719671 4050888 20793557 9939245 62560227 5776116 13981330 16483019 21709616 93361105
t2085 1659807 42050042 33671137 15137914 10114282 11479760 1744763 4258242 6005098 17569807
t2086 20629287 16685473 2602312 4685922 7511178 16094877 17894997 87217669 901756 7532257
t2087 3571672 18015085 30187490 6187534 4099354 19357182 8818571 3734653 19467733 26023674
t2088 4645198 21009614 39869211 15456560 3938826 2876526 20705721 101718 19254797 22998784
t2089 2329812 4070973 13495027 5399826 14209293 169962 13232098 3628999 5013809 56038479
t2180 26541414 11556863 23900347 4576942 23781146 14239401 45695002 21449379 65030005 2819639
t2181 22889699 22249059 13312502 2987560 3119911 10424352 26258389 52964049 5556754 283441
t2182 74784706 4050888 5656546 3589685 6464934 14762565 1712711 35062696 14955667 4127176
t2183 21438813 58323756 7635411 34159796 15366034 14836959 25506270 140789 34671379 58097181
t2184 3556641 12361991 5234909 61520690 1473044 2729677 12498740 8785712 5297129 16414189
t2185 37060353 5538636 22545922 7774378 17368813 9957876 17696724 33677728 22533692 32879058
t2186 33947258 11235195 2591243 33225732 22668558 59330197 202890 4683591 35591665 4772528
t2187 7848268 24772116 5164048 10283366 7188919 16725511 1973891 4321455 35591665 758310
t2188 7790751 33170990 1028127 3736125 819615 21428274 28711076 1661607 8598667 3226074
t2189 39971024 933860 9932132 24436998 25286131 4553783 28819992 2272841 30834058 4772528
t2250 8503802 18695977 8366954 4646054 15429713 6298001 16759349 8703310 26826361 14385412
t2251 37114814 32068445 3047175 12698234 22857525 6054164 8372827 11349188 32384729 6273171
t2252 11005448 4930896 1959483 5512503 6856649 3505131 80969294 63980428 16548563 101073249
t2253 13643285 6121678 21738948 10209513 9381250 13905647 47105244 39805829 28808092 39113957
t2254 17841756 36174236 9317809 1058741 6640721 8008329 44895651 468708 34802625 5787371
t2255 20325795 30657478 17977837 8702328 29376991 6688451 9072276 9568319 6253127 7146098
t2340 4900807 4101924 10190709 20151604 39459377 3527307 3876038 26223706 6302384 11153033
t2341 8393290 8777034 6324397 5046571 33328 5393423 12611473 4063844 11058579 3570974
t2342 2093172 75247416 1191012 6245014 4761734 770685 13150933 4139678 10424391 10505194
t2344 18299551 1754504 3377045 4975042 65518 4313954 46334435 9764297 22989280 14629554
t2346 24683655 5688299 5469562 1199366 2993546 17881196 14287264 11345775 37186776 10640826
t2348 8121076 2367271 8230980 22919997 572006 4313954 26691709 48123424 1370367 14629554
t2349 59319447 25895746 3704298 15137914 8767492 36413469 3876038 35507544 13392613 9257088
t2360 5777807 51135353 7735830 7168577 3651341 28789004 4280439 33043321 41902331 24430586
t2361 12125715 411362 22031497 5892660 16004465 492271 2605390 3728013 8498095 1404755
t2362 368961 14054961 1874006 16430999 7154340 24423113 14560334 21220910 17285599 32233806
t2363 13347153 26169685 10153238 20687569 11415586 2801681 8227752 14269281 10093280 12724865
t2364 8514429 23724571 122585590 13913308 5421964 22008843 29048376 16260392 1899906 18711691
t2365 10456603 4514182 820566 13304004 21248490 3442204 43802 17883238 29605659 1282077
t2366 8803773 5945739 7735830 546306 1195859 28789004 56577409 1170179 8387173 3714863
t2367 15381114 19941979 22031497 582726 14796489 30755735 53623548 3728013 34386963 10140938
t2368 2329812 29539453 46792431 4887231 3909153 43998473 12425102 4139678 8197780 5935505
t2369 40006874 92652057 19349832 17804296 3445560 4313954 29930052 47798658 6951109 14629554
t2410 36091350 1008781 15291652 18268476 1238459 21006767 30188726 4063844 15529367 33592678
t2411 5749919 5823063 1514821 30411069 3811943 21538755 4301383 59879945 10728469 3133530
t2412 29383598 28541873 4279394 3107704 41779670 5968373 6762126 6746197 10728469 15514856
t2413 11114626 1999015 3403678 15474308 10820244 21963843 21816479 1849117 1643881 2113578
t2414 17914401 10792711 35901347 11615707 1692893 22418766 6023724 6683820 25507180 29383494
t2415 4203866 7074775 3535082 13573304 42698562 9771697 38419404 10342634 19156113 2440268
t2416 14928648 10711521 7273124 2066891 61082506 47054141 29026899 1865475 6036494 1008331
t2417 34939949 17773136 12249292 20345841 2454976 3310723 2978911 11074970 11775422 37888523
t2418 15661701 56317 14193813 7419649 4667352 12632667 9797982 9189827 271702 30040560
t2419 9647087 7483514 36107955 3588743 11557542 22458130 21056113 810852 11416231 8866557
t2431 6609012 22780207 9069668 15474308 9686963 12586311 14016651 1849117 21506556 6554056
t2433 19384632 1363001 137993 7882101 7208776 22797893 4901361 2160630 5051393 28900945
t2435 44509117 19561232 18722663 26772282 1238459 15047618 21682162 1865475 3195429 14561802
t2438 21824234 6054495 19308012 15474308 19297765 8166867 32058334 1849117 19301003 370369
t2439 6500530 19217916 9576294 28406278 58998381 3449899 32058334 23114872 23411018 12099508
t2535 7724217 1042577 21395759 41611803 11337329 9918013 14720887 8806196 38311984 40966555
t2640 9147299 2896682 7273124 8697523 16930960 2147476 54963331 4935049 20515740 14378420
t2641 37324100 62994891 32150715 34809534 41786439 22542394 1112057 5255706 530275 8250117
t2643 13630525 2696254 23851714 1726149 4767020 15568509 13816942 496787 514228 20171677
t2644 16528065 5071832 15468384 4161949 2192315 36266920 25544815 5186999 12109353 8478996
t2645 2084974 2113441 24287777 33602500 23137005 8232021 50090150 25367652 11775422 29383494
t2646 13271904 48718481 53697308 1938763 4159063 2869175 4727391 168489 6071514 1204605
t2647 32184313 24866478 34226058 22499323 88541885 8273164 16045338 13585991 10723790 6343250
t2660 6740060 1127772 31987003 23792669 16590533 6863534 11543338 63011895 14832490 5103215
t2661 4597038 5159384 13860474 14592466 8709128 9157449 19096963 17966764 9306142 31360834
t2662 5697836 29085647 9386786 10209513 13220831 7851372 4092811 36850103 27449195 31158783
t2663 9147299 16752419 5492814 22126830 10603208 6863534 17990873 7038371 8562946 12650848
t2664 15908439 29005528 15468384 6472073 14698168 8474371 41764058 5186999 14289682 8478996
t2665 13237291 23714686 31987003 50817031 12178666 30117286 28860716 10509878 6389004 15904447
t2666 3364162 4121880 10518404 26826589 1661024 4825520 2203724 13633520 46987878 25602223
t2667 22871827 8565098 6851082 15220746 15545165 11948268 31484522 1864104 15839568 6821930
t2668 18884946 21387006 787681 1877929 2205135 11393412 32092785 52592766 18466618 23924716
t2669 22871827 13433572 937409 27830629 22134122 21538755 1226719 21569650 33072429 1665453
t2839 23598088 4774065 4268619 1300411 24255324 12398928 49637827 8733508 1384870 35112339
t2880 1297066 1968720 1798867 25572313 17685784 7774735 10670643 9052532 74034155 37516756
t2881 47538726 35156494 7273124 31348089 1626535 167383 19660654 13721064 6088350 6437251
t2882 14334278 6225245 33309252 27970443 52167355 24466899 37960013 14549641 48182635 20738192
t2883 24551976 11230558 45028730 23412445 12708897 167383 22622791 9656913 25028043 6437251
t2886 7447589 16021892 8042670 4361659 3872266 4992411 3949665 2998851 43610627 38030936
t2887 83321359 43239950 7273124 28050403 2448278 16191432 74489607 10366563 4928373 3592398
t2957 260415 16096087 24471553 12650448 17762283 11328274 10429068 5322199 18981734 4832459
t2980 7488044 51758668 12060417 5092301 26321175 4066849 53450453 10088027 980360 25606793
t2981 3520307 2154722 8920182 21103772 11306220 13002520 12015293 27172528 686013 13623920
t2982 23010255 37497965 5492814 5592404 84942569 17467152 2952097 14673854 46194664 13623920
t2983 101180 5911756 2452870 15137914 24912738 27379871 2787235 2854673 13243185 8313269
t2984 15330436 15645682 1006236 11361377 7704367 8917382 20128641 69631189 18654296 20655499
t2985 29097213 12213433 11777806 11480222 23189482 12151098 18108539 43982419 2522500 16338461
t2986 18482776 12856067 23279101 2647119 16659760 1296192 40473505 1392311 17355710 4674165
t2987 7545335 1092427 12060417 56471 10055580 15164082 22002368 19897802 11644910 3162088
t2988 23984709 2154722 2378984 5628931 3680783 5888775 15594687 1392311 10425321 5494414
t2989 3556641 11347744 9229097 8592269 3062343 27208905 80786 29735502 8197780 4965363
t3042 5354091 22937791 9698262 4104691 1195859 1517784 17468976 46436434 3127987 1492872
t3043 9638463 7529124 17256101 40315920 27599005 993424 3223096 22403165 3127987 6187920
t3045 43291063 425969 48038307 42329704 8304268 2654508 12928635 19648103 15160897 6751627
t3110 6829726 12144903 18043380 17953698 7263865 1438911 3803950 36872123 6504989 58622529
t3111 15899779 45018282 13799426 15137914 19344077 11336211 9182185 38612663 24883007 6187920
t3112 7048155 2270490 81051698 4511299 16004465 22866879 10541210 1661607 7131030 18989269
t3113 958843 23155308 10416619 7240482 5772397 7475460 34993620 43462883 10256830 7189145
t3114 4164324 2494134 19308012 53108901 7263865 23424118 12375072 27938299 14055084 44917824
t3115 22764258 169189 34503031 48813835 16361314 40323621 8897852 30258165 2716433 18509348
t3116 3087666 43823315 13312908 1443179 8427350 4002348 2853408 12833750 9322880 2341504
t3117 12093669 41086050 78139779 19065044 46435234 31464509 77284 9518612 9322880 2341504
t3118 56546900 27786796 7700358 26782930 1604403 24016519 27831178 5744022 3951765 36623474
t3119 23107763 29242381 18098113 3006641 15633213 55752057 32625898 34598899 140000 13270607
t3130 958843 8403653 17182157 15524913 3473682 7475460 10814552 21543642 1687370 2289851
t3131 2327457 8775059 14121984 13192448 5127335 18441527 41861457 17922895 35591665 4772528
t3132 2327457 25560288 90286665 49036914 2103564 11976522 29628222 31746310 15283195 19394471
t3133 22764258 31508806 14373255 4908517 22792261 13950733 7723813 27131817 14067460 4294873
t3134 5566259 15693188 3114403 2085434 16951969 7037236 44021939 1661607 3951765 7620897
t3135 9342962 15341668 5447154 10127298 6139895 2985377 34210535 87424973 35765945 8658410
t3137 24734347 9904310 8014022 110636090 8304268 4999721 5254823 26712117 4043211 477158
t3138 25142880 14970407 13549189 15137914 4415411 6058512 9849700 10132168 6369721 10011276
t3139 2216148 17251852 9121177 87105 8304268 4999721 15366400 10004607 37194576 13110426
t3170 18886368 19945750 4768154 41647189 2748220 19239840 6528896 35708146 5882505 43618144
t3171 8514429 4210617 19447974 15034672 7608438 3168118 20526284 11462728 6281451 13825957
t3172 11360449 32573697 72079310 9754552 16172054 10674859 12844622 15939800 45370181 8866298
t3173 38251282 53495119 3447970 10526010 12621627 2985377 652358 9518612 5585421 21257817
t3174 5563618 13373491 19306628 4877300 7946494 4182642 4615451 2795585 10663847 4772528
t3175 13610817 12724728 12918413 40417492 10423375 22866879 15705394 1661607 7131030 4772528
t3176 17161139 13373491 3715383 8964396 106001 3221959 11649177 4909092 28730568 33051628
t3177 3523474 17162671 20763683 33602500 7454310 15166831 3637626 50471744 24809812 2478724
t3178 17161139 6466739 19525156 5160898 4322541 5593869 50987285 659445 18173064 4864517
t3179 15275076 960638 14902104 31901225 10840232 1568191 169034782 3832290 2946925 9401018
t3268 2134381 5646389 8942819 2840876 1577773 29361307 12622374 33646539 6951554 59378233
t3280 14169717 3243504 3326954 42790104 73852053 26636679 10279833 1175280 2702428 10997958
t3281 20062290 6014274 7700358 42045595 18051705 17730830 13010629 15617933 50425266 15552972
t3282 38440596 2003190 15173360 4244504 2118419 1524794 3798566 55720460 7739465 27421975
t3283 8203581 7195602 22716488 4104691 17368813 1517784 29904195 13512494 9986151 15552972
t3284 23786363 16021892 325579 16614250 37238986 24072151 45951154 3728013 39138840 1867856
t3285 29258348 3268394 1512886 6160351 15330147 23434036 447425 7939901 45501365 55217532
t3286 38768854 9349515 4285428 39681200 2349780 5559320 26202656 12124741 18334259 955230
t3287 28998897 38397188 5492814 9543098 6063495 1296192 18967029 34473745 10103401 26474600
t3288 9209535 304431 19306628 10209513 25167420 8560331 22548321 39695102 4659351 14556682
t3289 10005135 34751489 7602001 5631472 24101307 56530 46295193 1470100 3224921 4772528
t3340 28380347 5101448 4873473 9415555 9055375 13777887 669260 3492059 17655357 4772528
t3341 4755614 3055188 2863455 17931219 19212651 2560593 15077676 25179517 7072093 251803
t3342 2553543 8714235 5775692 439539 28343683 7868605 63497076 2091579 14496573 6086922
t3343 44553348 23832465 21077239 3472596 25770569 2650111 9925006 1468757 10133800 70427692
t3344 30043098 52329068 77612755 47882648 501277 12650516 15558238 12013320 31203368 6086922
t3345 1941853 15998512 3821608 4083767 8886261 55859857 2916118 5905583 16516802 35769736
t3346 5252483 1185810 19012541 8177173 4458026 3210961 3141033 1898203 24620996 38598951
t3347 20765168 4483928 9423904 27430105 8886261 561447 2043811 3130140 1992745 3567587
t3348 4952048 21558784 4577521 822515 25662774 209326 32559682 9405574 2037120 20895166
t3349 29937218 6118558 18568086 17323013 11192833 28621934 3774984 565622 30691506 256289
t3360 9638463 6118558 12589610 3956381 14992952 13299977 36874756 12115553 3127987 24546678
t3361 4927234 1176208 9386786 11584322 13080517 8911129 36874756 79227504 1899906 1744640
t3362 9638463 2001227 35190571 36082755 10078460 13299977 36874756 35350182 3127987 34095890
t3363 34639117 1685034 17696829 12198781 27410770 33270168 5532591 728785 19809651 63233354
t3364 3861171 7996272 6923166 16503335 13080517 33450578 5707099 350010 1899906 821336
t3365 9103499 2408828 5881238 3956381 4543523 19471052 35025063 14661521 31312870 35061057
t3366 49140904 36836352 5492814 11817212 13532117 5158097 5699393 16904390 24087920 8723056
t3367 4939157 8714235 648343 23227330 7442617 1024168 22069040 1855003 7591447 8068131
t3368 4828826 58177625 28027653 11533074 2197279 4153188 13471191 4431012 7131030 43061850
t3369 9103499 28059548 13914836 31456778 40212125 23141711 19164191 11600643 13874517 1833981
t3384 3798218 15313412 59697419 21095292 32673811 1022208 49637827 6473764 29889531 17968130
t3385 3798218 6924772 22547576 22365049 10603208 48685821 10821181 25361617 1281623 21755562
t3386 3648651 38397188 9938885 2136850 5248312 2787777 6869727 34881432 10048232 59866
t3387 73733995 3485933 25925834 6396465 308736 42110182 5697970 19347544 11846597 9177587
t3388 18486730 59961886 3715383 6689439 5571526 3221959 5007204 10878378 4262356 3576484
t3430 2745784 11459256 11354058 50635760 3857896 16251817 21580064 5580137 11183856 4772528
t3433 5722217 17401184 5492814 3243747 24345033 8784388 7672704 5820330 17757250 5920697
t3434 37700296 6319987 377803 44481058 18180481 23381036 5669074 20484492 18365862 89400110
t3435 6673607 5791056 19262965 5991789 4251947 8229049 951310 16583320 29989826 2306898
t3466 14254123 7463279 54207621 8547408 18906046 11187801 10214864 55255118 14324255 14716215
t3495 11729078 58365980 19104626 9022316 20214431 21388497 9330055 25057680 1453713 490148
t3514 1252172 4765594 9361892 54837199 8778888 5168752 1672785 25361617 7920044 17451200
t3516 8068908 12129105 21269818 2131042 50492516 6054164 36539607 16361417 7290865 3176827
t3519 12828940 7052609 4821038 14013129 16525227 9396847 6495867 1661607 6737048 3493277
t3580 18176118 1450232 1045888 14836112 24593618 5423380 702773 15264675 44757259 19000547
t3581 1679057 514805 16213590 28496007 21262321 13095382 13257338 15191190 32448493 13613950
t3582 7257374 6528647 9576294 20727843 14698168 14173719 35818406 8264827 13092240 3453241
t3583 7021838 4949953 250882 3084361 1503221 22274569 5532591 11065075 53725728 10410566
t3584 7979649 15534229 4641275 3109866 21689009 11268370 5003050 8668956 12196108 4100876
t3585 7021838 3949805 22219718 3084361 35667166 3349303 4043030 64243709 7243917 6168131
t3586 34720466 24132302 1357366 2311670 29335771 6863534 44711365 1168672 39588316 5061603
t3587 12895635 973083 6270851 7824376 1895538 10966602 5699393 851709 6951109 59775
t3588 5402371 3665447 4826215 5903841 10718507 3584502 10109613 51937186 76162553 49947622
t3589 18270537 2389915 33433623 22201527 6464934 375928 8251322 49193976 19888458 9139522
t3750 4914081 120412 5492814 1443179 4429265 30963882 1563507 13414271 4703657 13292563
t3751 29965437 1889519 77561074 48637216 10509690 3178680 8640180 10409289 14212219 27131457
t3752 1709654 5740378 2088808 11011542 2155084 8519351 82656104 16956504 27653508 36225027
t3753 11114626 4529484 26045108 4151034 1782373 9829037 30327489 3283115 8253310 19454780
t3754 17089111 10238270 7413169 34267468 20648024 24097410 35795869 94534310 10030200 1672352
t3755 10146423 1903438 28103820 1443179 19971081 425135 48502014 624946 5894140 25524587
t3756 19675096 1903438 5777026 10128355 9762362 3111618 29061557 624946 70160973 26550983
t3757 28687121 19796111 44388863 40132617 8789908 54846159 33750434 15282109 9808084 13623920
t3758 13369372 34114815 19868587 3956381 31921836 3198510 12099503 157271 31511239 1527111
t3759 7334505 50694784 23679950 4888016 13233273 3437748 4031500 3585453 2773336 7904577
t3770 8383382 2945682 10384277 19083473 22648690 2190821 11205088 42933379 15686175 25113227
t3771 14155302 26019125 19868587 23736030 47106406 26928467 226170 5102882 310609 12467730
t3772 45927820 22395735 40576184 26467474 5167708 3820234 2893930 8609777 19452783 13327425
t3773 15812876 28959620 52630856 5592404 10294261 21552293 10814552 5297735 9667352 10410566
t3774 23608574 4504099 34684385 12006525 22020420 1135069 28827672 4358741 61095364 91224314
t3776 35876378 17499246 9083893 7569126 54533239 24819690 13318171 2555119 3475566 59595555
t3777 21579668 26071787 2164414 5012193 9833145 6298001 15608416 56407518 1281623 2978109
t3778 45687083 21514055 22282151 19824826 7069585 49933706 35868660 32582993 3260874 9220497
t3779 2264528 33252079 15101155 5894671 13988471 425135 27450745 9867166 14413296 10309938
t3790 28125323 11556863 295825 9458251 7025836 13075470 24470066 7917047 20966601 2379119
t3791 31091376 6418568 17733056 40658234 1299235 2690081 2734745 8095853 33469593 4772528
t3792 23964888 2507547 7536940 9744982 20876804 8621359 13123381 1798104 27674137 10364851
t3793 4901261 7339329 34123748 1443179 1245538 8621359 49637827 25693625 4004081 10850578
t3794 33725638 10407217 48214297 1443179 19106228 21032954 7723813 52662880 2306164 19281398
t3795 16189808 2429317 5492814 93241436 7608438 9210892 316820 11784798 7565046 3399686
t3796 8637145 9466071 10213496 2379358 6258968 2751921 1089272 8207827 873173 51903288
t3797 19635832 19868936 1818343 25403694 28076881 5222550 1077169 21907501 9808084 12822348
t3798 1649924 20139816 4566788 3240836 4819432 4390172 13678802 2477849 2244834 4772528
t3799 16728314 7718288 6766768 5249071 5373363 22388071 57515753 3443623 36524156 6187920
t3803 11571791 48778 14850945 12568969 6007937 3822521 71205711 18383881 34065335 3313389
t3808 38922314 26523447 21898558 14392177 15613076 881301 10814552 83509410 24062575 4772528
t3809 26994824 428125 1283479 9425919 23108614 3286829 6762126 17973419 11950005 2729
t3820 2525046 37748995 4008061 4471603 14309194 3040617 9285384 24780204 39021142 21545843
t3821 39268851 11692681 1502630 10741742 9681426 11470169 56684481 20119887 22791316 17231935
t3822 4999958 190745 1306655 9426917 19106228 5076228 7943997 8664688 27669642 5408311
t3823 10021752 1092427 15179526 2866371 8978284 1005913 24743690 39920027 51117744 427124
t3824 4997262 22395735 34115094 15137914 19590698 82406605 3421521 3629349 17022239 3491365
t3825 84264417 13493851 66111607 77351216 4372388 2888630 36748489 10976711 20437958 2360550
t3826 6228228 48654283 44748704 6274981 19880285 17376980 10653173 65903398 10149564 2360550
t3827 4416985 293090 10210160 8430689 17808296 14079109 38017418 21907501 5288866 4647709
t3828 11948503 6204378 73462657 11673041 52994024 57934956 4043096 1824724 54893346 26816623
t3829 40394224 3820963 4379845 4891817 29652221 11470169 10962600 24037117 36524156 6187920
t3920 67332644 35170042 3353461 27119386 2296999 8853788 9816220 32481409 24894072 3781222
t3923 9647087 23558789 2954411 13824370 28386763 27388186 61362542 328852 53261108 32961494
t3925 6398820 43916069 9879309 417565 2918943 20625919 11863606 16717960 8270481 309811
t4000 2953498 12448148 8161405 10088770 5580133 7681984 35484957 13457145 49517479 29205691
t4001 2788237 8754624 17573212 14836665 17808296 49213999 2594732 331117 11334337 6821930
t4002 11507582 51135353 36417954 417565 9456013 10342413 11863606 10464232 15300531 4353282
t4003 4440371 431482 11427641 19350245 2548828 30988999 25130525 1825570 7338854 4946054
t4004 3330594 1763800 510399 1983740 14516711 43038446 39429517 8849184 32130875 4353282
t4005 9647087 20309193 2954411 10549252 29258741 7683405 15509578 48963907 20204759 4772528
t4006 13584508 1786782 68355955 2218132 9956714 5245852 10840470 67697020 7525053 23644110
t4007 36795735 8754624 24041438 1443179 17876851 18298544 2594732 331117 7166647 26834269
t4023 51455097 10925221 786493 16524544 5301817 15409350 13790554 10303 16351802 4772528
t4028 23702104 3790366 8100850 181723 10217703 10316327 19164191 12652008 51946428 1833981
t4029 11899941 11303124 55467569 15137914 2586395 18643616 19164191 12652008 14173022 1833981
t4210 9911468 30516098 12188835 221981 45847714 10267500 10631516 39194651 6210094 7603651
t4212 137040 25162582 7337179 3429587 116898548 4264378 25733734 38802126 27669642 7206786
t4213 3957353 4009697 510399 1097333 31477371 12401576 11303467 12625638 25220341 1417806
t4214 6933352 5740378 7692548 4291946 2296999 19427941 5942110 6080392 19487120 42253831
t4215 7287197 1092427 24423851 25886750 5765807 5344538 7872875 6825975 2773855 28576809
t4216 48735251 26134554 27208268 15099997 15937702 46513908 6667613 112325728 5391009 11527906
t4217 17192274 13942647 43875706 1499170 56691039 11888016 40317875 9543778 2506563 17568010
t4490 63998 16096087 20839845 62005879 28225126 61997276 1329271 15229819 16881677 24400945
t4491 10353108 6467402 12446422 19995049 8137898 822076 43527580 21114856 10088081 15992235
t4492 12963934 992889 3027932 2367995 11294188 3270223 32918417 9961953 1117425 3078975
t4494 28107771 11402143 5492814 2367995 1020331 4538766 47580352 17154851 22418167 18691613
t4495 19218986 2280699 4826215 70620698 22239389 15432425 5402678 23403494 38536508 38375770
t4496 23932705 10532719 31425936 19210823 40610760 87263284 37885997 6153473 1732184 16170310
t4497 10812971 9499444 13957094 10842826 72619142 34448618 44433883 16588676 4622055 2130290
t4498 29200161 14688496 40868451 46072076 10820244 13113889 25298735 8380381 867001 15408929
t4499 1032913 14310600 11299719 3625876 8871748 7727327 18399577 12965819 47743384 824908
t4532 4509386 1577927 8797742 89798300 24288996 114073888 5239698 14040902 45174171 2562448
t4533 18086642 24462513 12983021 499638 54810444 15702439 16483165 2764531 36524156 6187920
t4534 6152441 6922845 28037649 1069207 14348652 31720124 1329271 4896859 3931350 23046927
t4535 1539927 26574464 8331327 5499758 30475585 14368220 8558741 22422868 36524156 4186919
t4536 6279557 3974190 31425936 3366765 1390442 15298278 21223366 12947957 12825312 4772528
t4537 1847334 11787486 16838748 86191087 32686240 2497899 31906039 28600382 42365446 6945688
t4538 190936 21095508 38922333 3220186 12911792 10959929 13091342 40372607 20217235 36676634
t4539 89641035 579949 6517570 5903841 20415596 29203827 813528 14779233 9745608 3227357
t4546 21459134 2947486 265009 8087888 9229913 821661 4543726 43653835 2057034 1889071
t4550 25158764 12580 7832915 15137914 23371637 14223005 54074451 21901862 9986151 5334213
t4551 2111352 30984179 852631 28883261 44539482 11908621 23550284 31999071 16695387 388445
t4552 9982837 20206675 38668286 22168786 35952992 7932322 2010574 2773890 10483582 6135040
t4553 38568887 2174830 14372631 25600697 15505112 142964 2662510 9656913 8971337 3227357
t4554 3546382 29668305 5453092 16632606 3583887 9860742 46602388 10191922 1792714 11734897
t4555 30400608 9885261 11849103 419326 22662708 4587841 23952255 2624847 3217688 7540672
t4556 32729160 65851920 937409 32173939 4011153 5133150 3691052 16300562 17297592 7540672
t4557 18321923 9020841 19548900 11032136 32844220 58855051 5402678 1587864 16096803 16055968
t4601 3385824 884495 23492768 222947 8306951 14882823 13845231 1893750 4515798 16715119
t4603 17530836 11313502 13223697 22970289 6937830 11045417 44162592 35323487 16734192 25027996
t4604 1300378 6769046 8213258 4187225 1536729 35725350 25357292 19187162 4586007 10286733
t4607 114488445 5295788 19584045 5670805 21107324 21538755 26658562 55052127 61895237 26168413
t4638 14753871 4411736 70256217 20949062 3045835 16228181 27917468 99281162 6590714 3360099
t4703 5081774 293090 10268942 4431854 15184834 6863534 18529987 7919989 21396176 4772528
t4704 33732489 40570087 25555077 1153899 4255703 309381 7184576 4223746 13039792 23775345
t4708 47673022 1092427 16980016 13504885 21345985 9466672 521240 6075217 12111014 66473951
t4709 17301450 5017174 786493 1040609 25831290 4042182 754459 3689644 29304541 13623920
t4740 13599373 29334583 8624862 8868926 5652083 9583768 5575002 3323043 77068 6971814
t4741 25683781 2405965 70467443 4480617 3206217 19231007 422511 18072320 24062575 5408311
t4742 1293864 4667419 2454355 1918783 47198599 13939154 8585618 11368010 15104235 54678639
t4743 5140036 12569867 15184956 2182317 55319519 7794565 41861457 13035971 2209414 4772528
t4744 3085236 45992185 3955549 51013273 4752594 9877092 246842 62652976 48652873 15640175
t4745 36228588 818515 27869286 3092463 3586519 20099354 3060367 10112116 428348 1127253
t4746 25916955 7744616 18463835 28496007 5235114 14778497 5324812 5820330 961308 18004044
t4748 15511612 74080199 42672272 12212960 3908783 5285491 23982535 284877 5077203 60654617
t4749 8573030 1238097 1655148 11069540 6014483 40257365 6790146 18540520 5778993 4831728
t4760 80265393 9313886 4275319 18153140 16688234 27691979 8679351 6281060 3443709 12105538
t4761 353779 4076901 2623530 12882958 53972614 90225326 13247168 39775797 11886395 2393348
t4762 10642934 2665519 23074630 16721930 9260098 11935993 9924839 1157732 18742845 5212423
t4763 3183438 55088452 48056338 3426173 18736340 5423380 11378114 24692247 5516640 2576904
t4764 31589374 2826842 19284663 42979167 23700378 8878957 43156850 51328968 1644873 23594001
t4765 8541478 11389030 50420818 14792246 39384734 8144818 29393098 49864625 8076933 4302416
t4766 28373387 9576333 1975041 11860170 24557967 6738519 5637982 10920050 18766250 20769881
t4767 5246578 4764038 29233079 20208809 1870686 8878957 38672166 500461 8879432 26008395
t4768 15393999 11063332 13768070 8624209 1425168 562961 32106953 40080128 30960703 39887406
t4769 16012948 27927884 8635951 26407847 7824684 1959457 32611333 1198120 14409251 5323750
t4940 39048193 19363737 16109073 6817002 31022294 877286 9794149 4255431 21735619 2840345
t4941 4959007 8047333 10341119 4579157 40265170 8173416 1177531 6291 9808084 3144428
t4942 36012567 1092427 6418139 429955 19034210 22133890 28363944 5818218 12823819 14288953
t4943 9287095 90212093 2850251 12021792 11927947 2153262 23245246 10558307 15958951 23187478
t4944 44304190 15056689 20043647 39789464 9511182 2693569 5444513 38837696 14872723 23009630
t4945 21471549 20188629 2850251 48089238 22801028 9573074 15896212 14491361 10958931 26095117
t4946 6027022 540725 2850251 3580150 6377933 6903066 28515497 65885 25000858 22269667
t4947 49268293 8258434 11692021 678252 36536856 30838748 10637418 1891805 4753737 1833981
t4948 51860066 18227851 7248077 8417058 21479358 959331 32525801 3336463 4469452 51753354
t4949 5313901 48987607 58730010 7693719 22053393 11595370 41312947 79457876 12710343 4772528
t4960 5486324 8775059 2130911 9841413 754138 9610349 2803438 168489 3931207 4772528
t4961 27500031 32140705 9386786 7235780 13506443 993424 3000264 316405 8873247 3970178
t4962 10413880 1185803 3425348 678252 48368793 11928522 11718225 3648119 39506010 7196558
t4963 13472798 18272753 15173360 11238123 21612994 15215048 9035647 65405119 26073560 14341542
t4964 9287095 32140705 43100203 4785268 1858385 15364815 1089272 9292047 13790679 3970178
t4965 48482481 1316690 22163873 15137914 7990518 6738519 13205026 9402022 13798625 1833981
t4966 11105576 19198577 8437502 38990220 21479358 20706591 1557460 158651 3204997 14401914
t4967 6822380 3967557 2566131 973773 45584008 41757448 5016579 22930490 7671488 3723028
t4968 3388040 14055354 8430033 13239494 53122426 25793919 15896212 54876029 2173042 1833981
t5015 11523188 35511911 26831543 3416474 7086813 33775465 12358927 2668248 19632557 4772528
t5018 5832584 30043247 2765097 22031486 18992952 4589975 8862371 33927216 27543591 48620160
t5019 13264116 2752752 20017314 14159771 13976510 18880574 4355432 163561356 3217688 8747125
t5029 17073441 8621738 21559261 19444020 5821764 4167204 62805231 500461 9524203 5295855
t5030 17031518 1086214 141651831 6068247 13559294 6863534 8485822 14987607 26909182 4772528
t5031 903938 9756205 1700387 42329704 855148 8878957 3887241 3268138 3217688 928475
t5032 5521401 4564766 9704911 42374811 36787858 26972564 59283612 32183582 23019552 17760339
t5033 7756267 5740378 45956218 31532686 7447024 11101971 24103497 38009719 26144496 4520652
t5034 345779 22937577 29267957 141920 2527629 10572392 23782654 86468622 61986792 49198733
t5035 10312806 2099059 12915141 11439302 40464441 12876646 5375242 14140848 21008600 6187920
t5036 3384202 1139907 22186293 29387044 9765343 6512563 4355432 13535177 3217688 16908369
t5038 14433680 21000312 1092805 48577332 35401341 42986949 15906678 8199315 10935473 41344353
t5039 101180 2099059 62868199 26930273 14102026 15544597 1759315 8444400 50492215 33666819
t5065 5440180 195859 17327137 5794845 2917473 23751508 4468131 1505923 36524156 5977179
t5201 8514429 5251279 16925859 15137914 9965206 28053623 5074969 33348024 13308225 24740290
t5202 8499801 5415432 19566395 45671269 34951584 20455248 22869801 13741491 2432567 72574
t5203 3546793 5704103 646489 79663423 52487358 7407089 17315173 14653389 7494825 17814371
t5204 31149291 32349659 50205327 20667548 13994650 26170425 4970999 3336463 21477901 36930136
t5205 2399940 14804609 19868191 45246376 31921836 3249041 1438023 68688636 8197780 118473955
t5207 33693567 30208244 69286504 23771048 13498890 14383983 44353904 8976726 7872700 39695536
t5234 56753023 11063332 22638450 7883563 11558029 367986 14193842 14116907 9626150 15970965
t5248 6354496 13095130 2378017 21695394 1481147 4404301 14990274 24933845 1281623 3591154
t5290 2804541 30242675 441138 26004388 59947973 35932443 18761492 18714109 26909182 36581762
t5291 12064700 10442836 2130911 159765843 27485645 31565043 71856687 23561172 1031091 65909330
t5292 5486324 5648795 16694340 20308929 1644853 8724983 710935 21468929 10151567 10682457
t5293 28966410 12602842 12889176 23460758 22302638 23941854 22660556 10057937 2347691 3413867
t5294 28966410 30242675 9185304 16577514 52250835 22014529 10422022 10555104 25945693 9778357
t5295 2920694 17227137 18980117 2882202 9714064 94081719 40289089 43365799 30812182 3940109
t5296 12664733 16855883 441138 42118900 26189118 41783142 74203897 3837096 10914951 50931489
t5297 10320417 30242675 33043170 1443179 4646040 46640506 14229906 5081983 3735267 16357532
t5298 15367494 31334478 19048498 26782930 14812593 15169117 611762 24692913 5632608 563504
t5299 15284599 3837861 14093537 23460758 22302638 30569522 10629823 4391404 16932143 25405149
t5341 39204508 14749255 9769844 19133277 7060694 20455248 1713961 28090528 8084203 3689510
t5342 5183776 2350947 5564370 8930992 17500101 31546723 1089272 442861 4595509 20601649
t5343 355993 34959513 13903344 17564072 5463708 40242882 7820790 48236971 9277111 428524
t5344 4370772 10051013 12435560 14164579 25672487 77150605 24080819 9896931 20814429 30572680
t5345 17370991 15773117 26921455 41222782 23846554 744646 13069809 6285183 20456527 58914194
t5346 24321957 9737052 9136578 18043606 3857896 26362864 2265715 26686426 41048959 50577284
t5355 2881824 24377964 262289 15240525 31181202 9760254 18439281 12789848 12566053 29803190
t5358 1659412 40748891 5142972 13939666 4524945 68550670 45645939 2299666 6780189 21551710
t5370 66044707 65173009 25809773 35598835 6139895 12130041 5895901 32715488 50861362 33327684
t5371 23401016 9416530 2131177 46104323 2617600 10966161 12442959 15389948 12753314 8044674
t5372 11178578 12612224 2131177 28726286 1212242 29427099 7826458 15389948 24157754 4015115
t5373 11104453 8656635 11787766 73990 1195859 38151681 24269902 20666236 1949758 9382440
t5374 3084766 36245 18941897 5554838 26229021 8521284 63451923 8785712 71903005 19173161
t5375 19662538 37631652 101612200 20166727 8338756 48566456 4657223 31011057 36481478 16642954
t5376 15313514 16692317 4131547 1464643 9812883 18512681 22654399 23403494 12658634 6187920
t5377 28847774 9737052 28655793 43395173 38872553 1198117 9794149 23450477 2906146 2669151
t5378 37639399 3391677 27208268 84238064 5656358 86430494 424511 29577694 19199399 6343250
t5379 5134399 12359647 2744682 17900780 38589322 15285302 3719689 15143408 3257428 65045594
t5430 13929925 13084365 52419709 2430496 812714 11178335 13448256 47901550 6005189 14912890
t5431 7783885 21159187 4323163 9203864 9057692 5246304 50804962 8906141 14517119 30235797
t5432 1337262 12807796 14780457 29222921 16960566 18480448 3941571 4368676 5197785 27520354
t5433 26418462 11620076 24102725 3560961 2107912 6130300 14476022 22331186 42171697 29149520
t5434 11634924 17049165 781068 9891030 85686 4689617 5707099 77409510 15059127 13645565
t5435 7550283 1084025 19941392 29222921 40722287 12655620 3941571 8343921 26468279 3701337
t5436 5658012 3025314 2382390 2826382 3518583 66002402 3916933 2687864 48950334 9429400
t5437 5528432 35196661 17046521 18199253 9884524 31720124 22369093 22620311 13128763 19944005
t5438 15372888 120824 37920220 11395146 3248455 13926652 18447082 22890334 22095259 2542619
t5439 108779 2379035 87017761 76717818 10718507 325166 18881222 38662933 1415589 10369284
t5443 83060418 6667044 5184814 9579112 25768533 35059459 3941571 3307496 1202366 39516515
t5500 14070689 6075728 1826530 9384330 11770220 7483814 5016579 9426850 1740361 3478556
t5502 28847774 9737052 24711169 32741738 22112017 4988111 59999184 10351760 3257428 30443576
t5503 12664733 11517213 3689797 21872919 14634467 117827615 7039304 21161040 5967366 64387249
t5504 69832636 4677874 8123717 14007906 37897575 28679815 26608526 9052532 15053219 24057995
t5520 4388422 16620214 176736 24736046 19271850 5846270 6203613 48375596 14724095 537608
t5521 32884128 37902064 3075473 15137914 34746415 10196714 19164191 53477492 19011383 1833981
t5522 19386959 3681533 6798798 66071448 6733573 28420320 65347252 17067479 8229202 6710706
t5523 33778485 42380786 14099714 6167347 13494076 9132873 23485272 26549252 59232731 8899676
t5524 1337262 6667044 5678614 12622453 25768533 18480448 4754969 7100840 22754990 9663142
t5525 11757154 40056878 10893482 19530448 38658198 8263675 1705573 4909682 34557392 6187920
t5526 8504477 3055708 14099714 24488628 29807330 16520829 45081173 23328977 36524156 6187920
t5527 39235654 8626726 17042950 6652942 30243320 1898917 4419696 7078884 6055811 19839926
t5550 346706 49119168 19755238 15137914 528811 43498356 7488600 41750872 7698105 9094268
t5552 9391792 13372238 18903829 19646881 28276881 4681986 43957895 24870868 30387199 3230729
t5553 7201478 14237670 5492814 2664572 2209615 14608559 19164191 5820330 7280431 1603850
t5554 20824232 17049165 691657 16243717 8034055 16575487 2964756 2144717 30398230 11203111
t5555 10111311 43188149 2252607 5469990 37627245 19446238 19164191 3582450 11420331 1833981
t5557 74927895 44943609 47467727 13639882 127146 4047456 19964024 30461564 73131340 55943392
t5588 19326292 18633660 8213258 18315803 15389361 1394551 55829063 9477727 8999168 27903162
t5601 12664733 10769285 1546624 4810244 8544463 5246616 18732711 4166425 22952729 19036852
t5602 21527170 93189592 13747503 34413032 1135495 3391425 29659325 5130646 4154593 8694405
t5603 494741 17799662 609406 1718950 812714 18636601 13652705 2804771 15441942 9039263
t5604 3554002 16878262 7179516 14778172 35542546 57462441 11341417 29573883 5821292 23030726
t5606 11963291 5592358 1723304 19615419 5381992 1752651 9714345 20654954 10831020 29738937
t5607 13983875 507807 609406 18970452 9685119 3170738 22756766 25855078 2282733 18004044
t5608 3818472 8556613 13218319 405867 32033007 1296192 11984648 52028718 16712609 15131577
t5609 19061005 5365342 49317092 23336832 22251735 5031462 23045307 11898689 51313978 7493884
t5640 10496535 7357070 15417635 23801782 19445394 1389037 14630386 4431012 3019740 50656408
t5641 2086383 52373878 67288529 7907566 26949051 10097330 3009347 41884891 21008600 49593543
t5642 17475869 67820707 7273124 19745721 23254999 5776069 4297100 268832 12802817 12252285
t5644 16072810 25154142 33740193 21595572 14459532 60158450 53302669 15788335 12679564 1647416
t5647 1353844 9543247 6285762 34524010 26232185 16467919 3231636 15496297 42655786 17648385
t5668 15957761 9009352 22517246 18670515 73094320 8071114 4187006 9656913 12121528 24594571
t5669 10341087 38397188 523330 17258747 8162092 11089344 8222975 41418646 22955453 25425585
t5736 1044704 7321872 11259149 33964977 9675964 32649694 22097819 9617763 27673133 4772528
t5737 37746190 3125950 4994406 18070594 2043843 21117742 3575393 9656913 1807119 28080669
t5764 19372887 55485353 44457881 3309855 187140 16401976 2031477 14398925 5566053 1836831
t5765 25870179 17206331 49804347 8500326 3724904 15305839 48530196 1338482 8197780 3781216
t5768 24797214 12734675 2224151 3546006 15171841 34747755 17869423 23164413 5061694 6990746
t5800 29653233 32474560 7831378 2311670 67520885 16248751 15868793 19707037 17914334 66070209
t5801 15654137 64620668 21937236 15137914 21006932 5095763 14287264 28075619 32367143 6343250
t5802 8811596 1545212 1826597 10092632 5743291 7915707 40403981 13430775 10137302 3018678
t5803 9047898 12055309 35313025 34700911 1770738 58281035 15842789 36208354 19271921 30940397
t5804 4735584 2903270 21937236 41619057 45715563 24021744 6438903 33856030 27009565 20931954
t5805 9443815 13008919 11762931 21999480 16358702 1966762 42512032 28374869 14418502 23381570
t5806 772740 14617470 25261317 32088495 8774530 6298001 80786 14311882 1281623 8264254
t5807 30091084 13372238 32503779 12198781 6314487 2918959 19691673 18942410 1626755 34313195
t5950 21494528 7521880 17473558 22542310 7458985 1072263 8095858 5976832 16048588 19033425
t5951 9590037 48731331 1652419 2765390 33907752 29021042 13464467 22907299 54180266 16415917
t5952 37497683 26429841 4358117 16870820 3390419 86636659 15359192 4036204 6133659 9494404
t5953 9394636 2392685 5756428 39746588 53581422 4920017 14487158 830676 24241896 7699307
t5954 21494528 35875730 5234909 29066150 15380746 8244646 1306356 7189105 13416818 16415917
t5955 36601667 32554207 17664391 2765390 6345686 1072263 19091188 5940851 21179474 19033425
t5956 6138604 9499444 18137936 11478206 33907752 39631277 1089272 14009520 6545035 14285397
t5958 30622049 18022070 10926739 24860053 32698713 18913045 35565954 16239154 27588266 2512740
t5959 18054845 24811963 8357881 20963662 2330525 23362001 50580445 23698959 1525583 3281926
t5970 8335688 10091793 1552662 7994165 20714533 11008777 15868793 1706324 9390332 1302384
t5971 9670291 6707195 2149495 5675816 27878180 11017538 26578349 2524030 5981918 5591244
t5972 11453585 10511963 13896698 1620074 10719867 24002325 29268197 8515327 1258554 5273886
t5973 5191927 10687119 102957656 13283148 5376770 24468696 3154537 7761903 6102786 41341854
t5974 114833156 5840778 69763837 2235208 3732272 4047456 22101918 18288201 10003982 49382075
t5975 46577839 40809395 6198630 617654 21525659 38220500 9623347 1218779 13784356 7540672
t5976 2785053 15674437 38591299 14529328 1455833 253663 42354927 13833723 2096285 18016008
t5977 1879997 10079423 75271942 43676406 27394148 69146470 49150369 6288422 12679564 44807137
t5978 1518479 14480145 7254376 8396438 2118419 14884867 12423207 1706544 6628090 14967615
t5979 16541972 53018436 5129385 28894496 10194999 6189047 335731 3719089 1820767 52856981
t6000 1227383 11433944 1185669 4192717 4398258 15415082 14077333 2084338 2954838 18287503
t6023 3547952 5776409 9590265 4192717 25662568 33853987 8760409 56879739 22993276 12219086
t6090 42114516 1855565 22110046 22172287 2118419 253663 35398614 6876802 36556263 21902780
t6091 1766098 27140587 9548837 11124630 6166353 19193994 13560957 14269281 14912593 23314175
t6093 9019981 22123600 16517729 3229770 1503064 45064653 20866977 8738035 32595723 15148329
t6094 5612919 62917528 12334474 67676330 169536 3435185 33405672 11089327 6615594 4656830
t6095 2546808 14354288 721012 19401749 13402906 3446170 13804920 42685204 17532913 19108894
t6096 23295936 11556863 11206272 4685922 40498003 10002707 39925183 1837101 7235477 37842987
t6097 3318026 1216974 2652093 5135322 6179615 1164439 10126302 1466669 27474415 6377783
t6098 23736042 8064725 23507458 27394888 53866998 10276511 9680906 14728841 8650258 1658588
t6099 6293510 8064725 26622391 8166329 6955791 10276511 9529662 9656913 5900770 8866557
t6186 10836022 13087622 41385524 72490394 3743539 25857490 29715063 10220504 21221298 50791470
t6221 6555495 27330133 4884988 16211374 41982550 20399894 22705191 43183964 65336436 45082243
t6222 50878239 4504099 14255008 3702932 44604890 34929486 20492062 14231361 22621917 37205859
t6223 3403551 7880789 11496838 23901286 64895848 3786725 49900075 30525386 30726266 9953484
t6224 35995793 1195184 13993198 17983342 21023553 23407286 7199389 4734827 33688756 2048250
t6225 3403551 41839280 11496838 36858 11056729 43579237 9011458 5373428 5249209 6944773
t6226 3174151 2724265 7033327 15137914 17657266 11214524 20944513 2249591 67396284 739061
t6227 8618214 15032283 5775692 3751228 3743539 763091 2313280 5765802 16717872 5678717
t6228 15393999 81270109 18739332 15053202 7673551 6690106 30567113 22385843 19939635 4124711
t6229 2744056 23046148 5978598 14996399 9120277 109956 36255715 42488881 5061142 8328940
t6245 101180 33550035 10755230 15137914 52686050 19515007 5894044 5270475 2769256 22431551
t6247 79101676 5465996 3669500 7429111 11367471 40026551 10271927 1033035 11783040 19500560
t6265 11979760 2216951 13521032 76832126 25431321 27651002 11418062 21903 8197780 4444906
t6268 1323145 42444884 5492814 4625910 9164405 6898694 19675169 3566839 39088961 27973527
t6274 7400172 22395735 7014641 2311670 11906848 15310045 4348660 8785712 76403098 4772528
t6304 1515757 746709 11258461 13117574 20803359 25076879 79602 14498092 4023880 6054911
t6358 18144473 176420 6795755 66482256 12371443 453414 2372619 3752979 66323099 1806369
t6359 1523206 7483229 36583829 6700161 13926956 5984885 28819354 1964891 7107803 4302951
t6360 3269498 5455599 35625788 22411260 21684812 39912271 13635769 14116907 4094258 2440268
t6361 48648022 24257797 40291315 6988153 15669271 57465621 29826493 20960485 12642902 7178424
t6493 5650609 16335420 13885279 42741906 9827439 6436381 46909493 14604922 1411549 12380409
t6499 103770096 3086088 69287900 15137914 17314619 28529442 9154749 328591 21070151 2165873
t6521 8514429 4101405 25137147 2311670 9695259 57818720 13854444 9518610 24644821 24740290
t6522 6465113 1981857 4268619 1696447 64531977 11930391 9680906 6623708 39448600 12892556
t6523 5076133 14562217 5438354 50687340 14546187 8214527 45527020 4235745 54586835 13623920
t6524 346566 3699462 66115170 36600694 8308596 3950116 16711398 6165983 50740505 7365064
t6525 4810059 9115066 3253520 8287324 5941835 28787154 5362291 8061106 42988478 2114916
t6526 6587009 6577795 20511870 23223304 26109533 1279579 13148649 4859615 36527087 13618733
t6527 17914401 6098326 26742634 24155402 23898001 1733185 5728147 12144308 8900279 2611750
t6528 40735221 4324317 331032 1820179 5305972 9396847 33514493 1661607 69859301 10720806
t6529 2534560 17829164 2423733 2320830 23455331 60007687 27960897 48352213 46918956 31913093
t6540 9397251 74219201 14571480 18885415 1027805 6057261 2879438 29375861 3458260 37687736
t6541 35472842 2745670 5605181 3434270 6139895 9683733 12822754 8035372 2522500 3440068
t6542 2534560 1270605 2423733 21064838 23507105 18185933 1889219 15164950 31099841 11667608
t6543 29777926 3638570 22871530 12841246 18747676 834076 16449407 6611114 6499058 47563066
t6544 994692 13774764 23948946 16858556 17825779 955852 6351901 11576062 13441915 7010886
t6545 13877839 73972458 12617505 17592851 55604473 26551611 15858714 23743183 10102304 4772528
t6546 44415 6446981 17211282 37441151 13895410 1172417 38771392 40851031 13280909 15967043
t6547 13761244 23835790 32604194 2309430 6699428 12420929 2386402 88395123 10102304 23389993
t6548 44755517 17894254 14985013 15137914 24581744 54925657 7224993 4063844 9986151 1501906
t6549 63031375 6272516 22060914 6388027 16450142 19397647 38358175 53026918 16027773 1116533
t6566 3546382 7855282 30806563 44604106 23889489 3485469 9404091 4430840 451765 12761667
t6572 5431823 18346953 2459753 19323560 34174243 1296192 19073889 5507217 6084620 1169268
t6600 1093136 1478445 14079560 21274540 38634793 33959112 9732654 11505742 43946455 15319520
t6601 28824917 51698 20949430 10905709 17633570 17590401 8152071 11157076 7429281 23048852
t6602 952308 12052337 15871389 15569765 542726 7423605 34479135 7186207 7752357 45468198
t6605 27802894 1827144 11855309 2641917 134063 8700408 14628047 10687447 16596003 42833900
t6708 11786428 11429918 19184422 1682972 57862741 16384314 2495645 28365129 51187523 47861540
t6709 49785014 4961793 9028471 53021324 32345227 3872655 22468704 4304950 16414915 12896656
t6728 11722677 62927878 4986781 3938333 91901379 1467839 7218375 24377254 91581193 14881487
t6729 20828515 5922946 9991944 3938333 35572801 26314086 7218375 15639826 11040875 10715099
t6842 11541577 92765318 3373520 213966 49718952 10126247 1089272 60308857 20524511 17174622
t6843 8637036 8926665 359612 3018143 36290333 34203397 16714802 1893750 1583864 59826541
t6939 7583977 3523059 5641495 13639882 215431 10441099 16128816 1330755 14508052 27741034
t6958 8411428 2431885 5397157 7850508 36981381 46074711 4721255 1517572 4240168 6590224
t6959 19546801 14354881 5148385 24174403 5234157 46591 2905938 25173539 4073491 4772528
t6970 12086938 12612224 11661457 17953698 4109473 61409993 11999560 29014783 17043563 22543265
t6971 20620978 1417710 7337228 23306808 1558308 8511378 6913929 28193036 1078047 639108
t6972 2633413 16017921 4826215 17953698 2462819 494433 31777061 1511711 11835605 6998681
t6973 15877241 6304399 1357969 10634846 34590130 11415921 2375201 19831946 4158526 5483397
t6974 62889984 25933284 7831378 24178872 24279616 6327768 1017999 4805722 2496645 5483397
t6975 36001346 1114025 31064079 18871560 7075422 25147189 36930129 6468456 4211728 7770438
t6977 11732855 18718414 22791034 18871560 7075422 19750557 28698064 2722355 4780865 1342097
t6979 24045605 7971180 2879980 37128677 60287732 28767209 4657223 734894 17175060 16603491
t6991 34053577 17743680 11634803 28050403 9402548 26732101 23523604 22206119 7822921 15948372
t7050 392942 23452649 7759184 1166972 13625516 53681724 656380 15020073 4798011 8162113
t7051 9147562 7716467 14390967 11240490 13625516 21044063 656380 4685561 61074876 5440158
t7052 8514429 12044162 22963014 10634846 6568393 8229049 15898459 27728841 6088350 14440709
t7053 28312748 28094415 2126141 8899608 30147036 6733470 31490209 7399568 24754805 8932220
t7054 96069 24975373 6587240 15321275 4372388 858892 8718752 256480 7510313 16872254
t7055 13040488 34186314 20755857 36099200 85741 3968699 9016983 39631182 19229737 6590224
t7056 890283 18153856 8551508 2664572 45482583 17946867 3059447 5764256 30970604 4038301
t7057 49889963 25933284 2909840 164617603 3358695 66969706 12897215 11102230 29604524 6590224
t7058 43172847 16962653 5486706 14517593 10672885 5640589 80786 9381858 2628046 7213742
t7059 6546279 3485933 5722544 2309430 6324088 6104753 12603171 381554 12210408 6805788
t7060 42987197 42771534 863078 99865354 13510686 6207364 8280660 45567677 15273703 17338122
t7061 1576573 8521310 4394266 26244305 6406171 38084656 5981428 23591702 16442475 974957
t7062 13772229 57224267 3418405 25466669 5806797 17858185 15916840 3220867 31739113 4032863
t7063 336489 6117615 49535254 10481019 37208515 6484658 7755438 31294524 31432913 4180644
t7064 14137006 22240360 1072448 32785910 58917804 14713499 14179409 2812422 2632698 3337447
t7065 15714149 13513407 42785464 939552 16004465 25605982 1621278 12048349 13008324 17477968
t7066 2071532 26206630 47970566 25626522 52877675 7062803 554716 5716562 11804936 2063210
t7067 60567025 27336468 7974774 1374056 13625516 16806950 656380 922556 6096421 49962504
t7072 28258951 6379805 35394945 72786892 5184568 2184587 4773002 4211633 8632757 16993086
t7075 90045 20440651 3418405 3082804 308736 53479659 80467 9141970 33424159 22686654
t7111 260415 16096087 24471553 12650448 17762283 11328274 10429068 5322199 18981734 4832459
t7150 16408762 3928764 10806358 18010478 24114385 2022810 1315128 14116907 20227617 21969537
t7152 2893197 28162621 1594635 22031486 17954168 5597009 17249148 43126481 15946243 563306
t7153 4359734 3222194 13358420 2996215 6568393 552791 32012310 22066213 2421229 13161334
t7154 22492823 3823309 24554376 12349703 48623433 6776900 10747531 57247228 897163 18400782
t7155 30774589 26976665 823938 14296440 39093659 8586732 24407992 4294444 21632663 29385510
t7156 12604724 5969561 37103895 70520020 26889703 367986 63241495 30563714 98772490 16217860
t7157 27802894 6784489 823938 14296440 4999546 51403090 48314300 3424070 5888661 10714117
t7240 34821910 30098362 4439429 53570213 28986654 8330548 3923622 22836571 1597408 30533804
t7241 35001014 20146767 1483072 6390539 16006465 42985045 34020628 43805890 2124 2721647
t7242 20384887 4464686 11661457 38208259 819781 60442011 11999560 10336724 43324626 3821810
t7243 51583092 29284038 33119052 17983342 88334981 11654576 18685213 25346974 1443177 6187920
t7244 9648003 10134919 987009 24614356 11848047 3559300 5030994 35355037 12464899 28627134
t7245 29584697 18568587 30348572 27836194 12901065 100109683 5766103 54672510 16764632 10410566
t7246 12706645 2356876 987009 89032189 1137533 6730528 612427 38264938 31183281 14566406
t7247 15295605 1839222 5798816 2750337 4991383 11654576 7078889 7237297 8155622 10809768
t7248 29965437 26067055 13546657 10779242 26849954 2179623 28606683 41603113 17995098 2534060
t7249 27507620 37874669 6809455 2311670 4474407 36699607 25547687 14426835 1597408 44998872
t7260 37698834 42209174 18243048 15137914 8477421 4375623 20592522 28292964 6231249 16858528
t7262 44334579 33191877 14006039 1248417 20887499 3920164 34357609 18482188 5619075 2196789
t7263 825315 10476552 26779500 27695487 2201300 3194531 27796149 81734963 3391920 9022406
t7264 7821813 17591643 49488324 5592404 40868794 108310 4280439 17936466 2769905 2573540
t7265 8991451 9047697 50154788 37342784 8854885 37752670 17906919 45705485 770442 2807550
t7266 10762476 12410001 5492814 11098651 30852850 2211371 46161902 49488233 4160275 6187920
t7268 4735584 4605412 13097973 37427590 4938397 5699775 14478587 5089514 68081979 4018694
t7269 3679587 44377770 18903829 50442377 26506439 4977234 9815231 24286549 27794016 42451844
t7443 27169785 1778724 79141941 13455316 3374754 9097577 21423927 6919105 2353547 3946097
t7445 8682631 24660485 36385823 27557237 109064475 22906883 15918986 10566533 20828117 8491690
t7563 14254123 7463279 54207621 33368014 18906046 11187801 10214864 55255118 14324255 14716215
t7580 22751264 9198351 22403834 500720 19106228 15123926 717379 325501 25636 11870144
t7581 14597243 20872856 16726439 14160011 19106228 5133097 24391598 656529 19362562 924479
t7582 15803154 31392368 11832678 2311670 25190726 31269052 78863798 34976579 12018297 24175440
t7583 8222748 19382181 14417836 13368471 26185241 16618858 10923940 16613431 6623562 31158758
t7584 8727423 4667612 93934914 62854490 10837915 24671720 9544969 33642071 16932143 2360550
t7585 31434177 14702878 23758424 3462152 17918402 52962860 8718752 1289027 11291994 6119299
t7586 70375407 8335746 1727612 2311670 23650446 1103553 23114399 46783707 12018297 44889965
t7587 8157012 20506493 19386936 5616335 8370756 9389744 9604594 15621199 882696 18906407
t7588 21099500 5093666 377778 11950216 9120277 1584988 52329333 16613431 5061142 8897518
t7589 2844690 4809448 2280562 29014715 25708762 519593 13400370 4462246 6440560 2878520
t7621 1780617 24674570 10482663 4716968 20952420 23093471 11796679 7911631 4000092 23187478
t7627 44873790 69245887 5525868 731794 12006432 55188282 40910326 7951881 30955843 36983526
t7705 8075625 7867471 32692537 45125873 11025124 8060660 51467353 20784616 5118020 14991723
t7708 4388422 2838425 46880701 3879431 11558029 7138211 32931338 19713994 6354532 61378207
t7709 20420808 2445686 15689423 35170478 7526492 650181 23763110 16099850 36943881 46183120
t7728 16032150 4378239 17020241 30931483 6568393 328511 9375007 1574499 4974309 13589249
t7729 7787757 21060688 14585070 11565173 10246703 29476166 89724694 69267534 3145993 6527765
t7918 8772481 5409023 2566131 13913308 52473359 40812305 49900075 13002275 3589065 12468556
t7930 8514429 955863 12476345 41223632 48926730 8474771 19598543 52028718 13554800 11659971
t7931 46837476 32966168 2021314 6763946 55552210 10570237 50546623 28141347 13554800 3348475
t7932 1869520 68839171 5027366 19206084 14698168 9277840 1018750 28141347 14319053 17131211
t7933 6257816 37644464 26962324 4599292 1577773 12622595 15669264 20661450 2390470 29641821
t7934 33003400 2038018 42502343 1004440 8647971 7025413 2441864 20685180 32286280 11923275
t7935 2910633 23762313 4976410 7336218 688308 12226136 39896750 8393395 16996503 11923275
t7936 3887152 13649194 6671993 3293013 4413000 13145752 9510811 2782445 6016921 15760779
t7937 7240726 31553101 13112999 3634372 9284964 11766066 2541768 45195475 13882572 2948177
t7938 3470889 3564757 17171333 81042727 9536913 9814591 717379 1893750 3757620 14182403
t7998 2134381 5646389 8942819 2840876 1577773 29361307 12622374 33646539 6951554 59378233
t8001 17207631 43925701 2021314 4076230 22397493 5012872 21618752 15410055 9968397 3590647
t8002 2162493 15104110 28164748 4300382 2059701 26880185 1844568 1777375 3972455 7803097
t8004 22185700 23838489 17841530 37759213 18235105 1830387 39425489 6845116 6970080 8936240
t8005 4759707 12682129 40962567 7035746 4946704 16243872 967006 26000933 7713001 924479
t8006 1158704 33022746 7491551 11333698 29896259 10689437 9022521 1710229 16764632 4038869
t8007 36624750 4805034 17366606 12441799 9284964 60659284 37480393 28046293 14049031 11601587
t8008 15810681 13482502 2734490 98198701 30414251 14324721 265496 4734827 6622637 1404193
t8009 26254224 10138943 10939888 5596611 5274345 6037854 7447434 28764810 12501571 29853120
t8040 33685761 45002854 43176243 5748045 35817386 20099354 5100873 9439973 1513430 8375391
t8041 5426567 28996144 11633284 11175996 212230 20164985 1718818 244850 12785199 10410566
t8042 1023655 27084563 8708099 9025310 1195859 25973549 3228084 268934 411648 4005003
t8043 41727408 14267578 9523814 10242917 54622812 39280089 35071957 650743 24639107 5437097
t8091 58445298 12612224 4826215 21506164 10205253 66913830 19798932 15732061 28488631 27591179
t8092 10465961 7603631 7969614 15053202 37736331 34276567 3923622 8679912 26117465 27887989
t8093 8327125 36132082 20078381 8160674 2489808 33380382 13512558 490202 21917868 5522998
t8096 20756403 12821996 22000401 4035364 3571687 3161806 3447211 18672500 3799495 39544828
t8098 19384632 12397848 27152314 24923872 66228386 62703367 39449522 17337047 33660791 9863884
t8196 2311359 34993189 41173427 41483935 15366034 27903867 67124227 1893750 7913980 2479576
t8248 5134399 8002603 6675912 2934124 4331817 11208252 46649813 23743183 910163 4772528
t8289 5964997 3661821 19386343 8087888 2195625 6997390 12852169 13276003 13533089 4772528
t8337 85295671 36987528 2833649 40947455 7146537 3660985 24181493 8361490 42985532 4437347
t8368 1410674 12612224 16624212 27029416 2330525 11470169 4934941 3436718 4490804 39649986
t8369 7202309 942217 20144559 34893739 32283558 26196538 45603791 43717274 66395231 5292016
t8391 1189708 17989494 36354025 248216 8815169 47357285 12575676 1724850 29396921 20562443
t8392 16814493 1690600 786493 1458793 303435 20744899 80786 22600964 14328885 10545598
t8393 14141982 18481879 6047534 12198781 12448128 109956 17633363 6009116 11728195 1045155
t8394 6514945 24836137 10759894 1673565 9433738 6863534 32649413 27451117 9960482 26216248
t8395 11797873 5787708 13374237 39238184 11051722 25181072 18158691 32027928 10209471 2315851
t8396 2631310 1970690 38328457 12269247 17817328 4391476 29819698 6285183 5878808 12195046
t8397 45858422 1702779 43152499 31904538 10418820 12988019 2727269 108740162 4238336 285050
t8398 6224766 24262738 16112632 15499786 18510687 13312220 5704678 26432445 21905049 41061052
t8399 4280772 17043557 7188567 36294345 7576538 9957876 1788042 49721966 68403316 1769511
t8414 2826357 6014274 3747649 24666012 16952460 32555907 18923049 4204247 718435 25136377
t8416 25239767 41052184 12190914 10528295 9517230 20142212 5704678 10693969 1330576 2637855
t8417 1469520 3083174 747061 3423847 31943690 605329 10804996 16676606 2282891 5399708
t8450 34545391 36644133 42497601 23356405 29550877 23161641 3941571 11021565 4490804 73883014
t8451 17471865 2405965 19990511 3626943 6640721 20810108 34591634 23183521 16767973 29525812
t8452 3017840 33897606 29585473 1665291 6535716 41291315 8940838 6733713 6951109 12922359
t8454 10668824 49655360 13532964 6615973 1967405 11597769 2265715 19780859 52261799 22491578
t8456 2128848 27558038 747061 13633784 19530985 4465260 731797 3112270 2436941 15163401
t8457 22733673 14110439 56238625 19439976 64927605 12632667 64156212 19715900 17854773 93873649
t8460 21692246 4397608 22213392 1644314 39051279 14528517 5665531 14728841 25951758 24412102
t8465 25752963 4483928 38359733 7591460 3685630 30747967 83404166 25584585 1196194 926489
t8467 254074 1415440 43748043 99303556 7712809 28364277 21618752 11021565 20566075 24254152
t8470 25886213 689899 51153100 48514420 28222141 4277349 4129467 12461080 2925872 28774869
t8474 17434896 14532819 38097212 7165281 53580148 45510419 60606994 1360588 9652051 4691560
t8475 1469520 3083174 5227243 44236433 25566551 302296 1696274 35795659 2925872 33539876
t8476 12664733 2962882 4179907 39400725 20214431 22281255 677461 27030306 19865093 16254637
t8477 49123674 1092427 20089778 17953698 4255182 12134753 7346392 19183924 1039915 10274281
t8480 1517228 2265163 21337197 20810050 7973625 7171552 18159047 18215125 87742656 14131637
t8481 2915260 9691430 42085728 1168826 20965146 55495213 6559548 9656913 9446918 16834468
t8482 5935215 73161985 20259926 8887685 23781855 15136967 5054858 18546605 2529720 22919021
t8483 2313477 42097272 15922291 12281398 69994285 15807839 4308990 20570898 11352877 26509027
t8484 5158503 3747641 325579 6359654 35898074 18694701 2213466 13422257 15832102 8163640
t8485 15281814 117870965 38448187 7080952 40410058 30162284 7074638 185017 13451761 26109335
t8487 12466740 4430307 1946693 34265817 7263865 3506770 8675469 29978743 12353643 41252807
t8488 58431726 4636490 15800245 23356405 9422131 15538849 2304934 23403494 15716036 25576149
t8550 20338880 5997551 11692021 1112377 40566579 14365693 5513078 4584410 7284831 25911814
t8551 21411455 12989666 41347728 26919393 39842246 25325379 5117094 30077378 17161697 13136068
t8552 44714532 26429253 4268619 7582853 20147862 14416708 19637699 25590556 19346459 16546952
t8553 16103208 10057074 5455097 1613648 19672247 6863534 4214112 35781943 33743421 31542039
t8555 15652655 15102775 18380907 19530448 2118419 19595733 716457 10756333 16764632 26516502
t8557 28567542 11831890 1165961 8937792 12705118 6750571 640774 37966989 16764632 1833981
t8558 32394178 65983760 9784143 2903991 398708 1206427 19164191 45066374 36545861 1833981
t8559 34183054 24468010 11855309 2884239 15916664 14342132 5643350 83897499 4490804 1833981
t8560 167000640 8775059 997753 6872227 92195359 53305723 4385513 3264385 16764632 4772528
t8571 8772481 8570284 1136263 2741575 3788212 12460933 18465238 140949 13473462 44567451
t8572 4122448 8570284 4268619 3653265 13044994 23333151 29392744 34187024 13473462 16460631
t8573 8514429 3644187 11692021 33350846 20876804 11841748 12442959 12947957 13473462 14716215
t8574 9736997 29223008 3518338 8005485 26145940 12209826 29294290 12947957 8197780 22072284
t8575 49044619 11446938 2052002 29178104 15366034 21806953 28698064 8906637 5947711 16237142
t8576 3675856 5532301 435898 25031026 4959999 6206797 1128362 18433347 18092233 4762534
t8610 26470693 14803560 43288523 11663513 95884760 4476840 14559352 12184151 5990205 2027732
t8611 15207216 14803560 4596438 5316653 56872837 3776709 9261117 37050154 14236918 2618808
t8612 54217599 11766779 5083673 14517593 32190324 59100901 13139739 4734827 28863178 1308848
t8614 268862 9499444 5798816 37426400 40746436 44342772 5558663 6689672 16346176 1308848
t8616 44547527 7000132 9267788 8166665 1279624 240160 9988084 1010530 5695552 3590647
t8642 7724217 1042577 21395759 41611803 11337329 9918013 14720887 8806196 38311984 40966555
t8648 41433522 12882620 52672874 1933841 24374953 62848590 34384890 2879873 8906163 4772528
t8649 10256189 12612224 13511787 5199197 3178651 1641764 4280439 2230077 8197780 8586752
t8660 50910305 14287949 31582189 8788670 7188919 18456492 4781706 36991347 16610801 8295504
t8661 8514429 45524555 13941876 86082531 8179591 6735948 37951166 8785712 16994792 2768328
t8662 21113864 9632641 1827855 5651683 2688493 49346776 52324496 4603943 14658576 15938237
t8663 4620803 8707378 8260306 7385785 24050671 3797636 6167979 12049834 14934385 5068706
t8664 4603311 8415431 36184664 80413545 11752369 25536946 34840998 7782561 28984197 28130896
t8665 304238 4794792 18112053 70225013 26721280 49011851 29985571 28819845 6075086 15038788
t8666 10011824 1983645 25667061 28654433 15038121 7304476 14080153 10489457 7259528 5408311
t8667 1561205 5240836 13387691 4969867 13461260 3797636 382619 31777805 22391854 5068706
t8702 10872717 131217563 9429318 6595143 433800 9280782 2803438 12414564 60112162 17210022
t8705 10302248 7000132 9267788 7953366 14983878 4043547 1693475 17171787 16502577 3590647
t8800 2813775 52504729 13060719 21209 1997887 5275433 27205995 50887698 26162385 3698793
t8801 4208288 440138 6804340 30615150 8660264 21399067 3721095 10857495 83481590 13081794
t8804 10735586 11063332 273316 4643240 24326211 1047528 4520056 30204379 26836235 17107013
t8806 26006308 4725414 9605052 221981 3027356 29579007 19081367 978911 5310743 623081
t8807 6476866 9722861 6047534 15137914 29766328 9777108 44110964 7827002 21064751 66864323
t8820 36808361 16241136 18692398 5414700 7576538 16228181 4837652 15191014 33573690 55654922
t8821 39525848 9278343 32531125 502019 1541510 6863534 6674019 3037291 142233 11231
t8822 2326428 995158 9137024 6490255 33445240 34488095 91259170 14099057 15165992 4943861
t8823 19178320 630794 5641495 2459350 8779828 9277197 75798334 4795211 25824548 10321891
t8824 38344772 7447641 29383 3157107 11102551 28446550 30611546 19696746 2596589 8454398
t8825 18846104 29001221 10226531 12767882 46667191 7429057 5960948 28925461 21277152 25970910
t8827 5848896 11114466 40474457 25403694 1541510 31843780 18499543 16395214 3235500 32372722
t8828 18054327 6584869 14681820 32932332 10425345 859109 79655406 113699 6615594 27280411
t8829 1588398 4056974 25245463 9496976 61560034 6268943 1961613 4581195 40517528 7520239
t8872 14180692 689899 84476674 82262087 24936946 14729196 1187764 6382458 13473462 6296083
t8873 10723125 8570284 2088096 23158597 11611283 7304476 34813052 14702955 13473462 23218666
t8876 5158930 12788056 25632428 20926577 1870686 28042828 2803438 540851 7075234 16628205
t8877 918360 19053111 6040901 4371251 21795334 10155312 13139739 6689672 8197780 1308848
t8950 9776276 19363526 5455097 2982246 49082814 25051091 27199552 82083248 46913560 20227340
t9247 24855659 8513206 12783965 1459978 16694733 1448946 31523213 32220230 12118220 61987602
t9249 60082974 11961043 562360 10424094 61302685 24565796 22693219 20189271 1723366 20250137
t9260 14579943 11218660 19413296 7103120 1443521 8212931 12249006 22748412 15316649 2132050
t9261 40015572 14287949 65279102 10283366 7188919 2194950 4781706 19559375 6964319 1787131
t9268 11506005 478050 207654 69687134 22918208 12246761 2324103 3749744 62127485 10687678
t9269 21837436 5862513 13225749 16623110 4665640 3272880 1335320 54529174 1487286 6438723
t9303 23598088 4774065 4268619 1300411 24255324 12398928 49637827 8733508 1384870 35112339
t9341 3036564 1583559 4021764 10221233 1982214 12952724 2550849 15746727 20058895 9442002
t9343 12466740 1759161 63377470 31291549 1134315 33655813 23459541 25989410 2397344 15061836
t9344 11435962 12510462 12223383 21654361 2339043 5784525 7186092 2414826 36527087 8836640
t9345 2686037 61669035 6562776 42926867 21755992 13754426 10993164 29588793 5887454 5611315
t9346 17669618 24636790 12305632 20060952 18306279 27641531 13009716 4200223 4971575 19386595
t9347 11145612 4646219 27282850 13563855 8886205 3963608 8766907 24627336 49447069 174279
t9348 24153386 29607323 3669701 11577411 26652312 20398602 27015141 365795 11683409 27229026
t9349 22195052 879495 5129456 54627385 22609443 8829402 21036961 2518955 14884611 25735896
t9360 12664733 36355899 1005177 15449975 13960992 42452280 8953722 5602073 44054819 11179903
t9369 13795815 4646219 8905003 51382484 3081623 23107088 4310511 12614859 2249775 3406688
t9384 5486324 2840717 3882632 14196735 23781855 1710219 860909 9656913 20398032 7362390
t9388 12210943 545367 2765695 4301526 59926293 253663 8919818 14821056 16985372 5215758
t9389 10738028 2023373 27273195 18928545 3030969 5349030 7480340 20875811 6382066 6470248
t9409 19475465 3984444 50339942 2263508 27324529 16183614 13604999 55117531 24101340 7847170
t9411 42307589 9758900 12678095 3883579 5477413 6642007 15501515 4783285 3257428 4695308
t9412 16234763 4023659 13509368 2770109 25211354 34212329 224773 45740167 9438288 10515870
t9514 5740110 7776098 17253764 6757933 398708 1632688 24513049 2217715 708695 9293320
t9516 42111736 942217 2067134 10549252 1091034 1666341 15679987 32004144 47326253 4422269
t9518 22386769 5564794 2602312 7007777 11620480 3262054 10891554 78940767 95925226 8980548
t9519 26610593 7315362 30717702 1855514 6844572 4567636 15857495 9692016 16239699 4468475
t9530 2986091 16664924 36737359 3968535 10718507 20122332 4081793 5468968 11183856 4772528
t9531 4424017 1520577 49430120 1658632 11005733 3925944 63277580 18228186 15177466 12480650
t9532 12210943 21002836 9446008 14739720 17887338 3084755 47464337 8253189 28215748 34442462
t9533 28453788 25515274 13054371 10294925 18447978 14873339 6043694 11302047 3281340 6557540
t9534 5904164 1786782 10913877 12639468 7120244 12491722 3849912 5843370 6979502 9174435
t9535 7291844 1104201 3029162 4892630 8836533 6863534 2203824 7323082 7126224 3982496
t9536 4315597 16664924 12058138 52852789 1299849 20101992 22270056 28476995 33911779 963609
t9537 32632220 28966301 6989778 1658632 41004944 20858867 2203824 24774873 7460371 96381609
t9538 1104397 21002836 5492814 30788225 1299849 1631911 16117935 13497601 41921354 2714299
t9539 839669 14955200 5492814 5880933 1071065 6789209 6043694 19011139 43235587 13843293
t9551 17209173 911261 15017308 374382 726082 6023264 26022222 25705396 4107870 3636678
t9650 7758286 6232551 5214621 28280911 13124781 6491223 20117634 62449956 6382063 19109383
t9651 6234236 1092427 18304229 5131361 4558761 4293398 6008269 12145120 33630426 60925096
t9652 6088516 10232465 13839408 14922269 14767182 10153766 8002975 18196689 9645003 645139
t9653 11565766 36334722 3246617 4909194 46021518 18181994 13192874 12773269 9049085 20562492
t9654 28454933 27391474 2169046 8208226 102336424 20182821 3208999 5134380 5981918 1134675
t9658 18946708 13777763 2159916 5011857 36424513 1656821 3817130 2053820 4199646 80121091
t9659 4047874 35369365 1930553 6407218 65624203 13474898 25970117 20660243 56359058 4134062
t9674 894553 32740866 4868641 9614775 526450 21616806 27205995 3311174 4918370 6343250
t9700 10600997 7463279 5492814 31133655 9877828 22620604 11378444 22806720 22128768 13828956
t9701 10838862 18743246 769749 67534146 53300359 27293676 31855334 6799664 26379436 13900697
t9702 10218684 18421458 6937 15137914 7076334 16375659 2031477 12549295 12604127 2692456
t9704 19033463 51852613 10652580 5741014 15766770 8677207 6389216 4811447 4975663 8399263
t9705 2713635 21912818 34450502 9942413 10194999 9052378 64447138 114596047 12828148 265926
t9730 23513288 64036063 6018493 47887794 86695424 897061 7632192 16300562 12518146 13327425
t9731 24754352 11594246 2130911 10829514 5269519 8074264 10739445 6191374 5443633 32363100
t9732 19558329 7822648 10632951 21722086 36492583 2096404 731797 21398990 6099861 25616511
t9733 2713635 5391492 6937 15137914 17810392 6516407 12736107 9656913 17209692 11350091
t9737 27297897 7318361 26536784 13658606 287944 17818395 6834729 38815831 8197780 10614474
t9738 21561815 1549338 12058138 3086288 25731085 2072968 4661753 542082 13014198 34958500
t9739 19352071 2443424 1552152 10634846 51017416 17946495 9870266 2086215 4862023 28014060
t9750 2853561 11694781 9666912 14048679 6874404 44830631 11949608 34681787 5258545 10624822
t9751 1961402 29295139 20271044 15524913 10718507 7796636 10814552 12989309 18610155 7893418
t9753 512862 3736415 6937 2179999 7577854 2749886 45800011 47164318 56359058 20930826
t9754 21213384 24754237 5492814 8809330 15737431 5482947 58167655 6927363 8322933 30431961
t9755 15330436 16844641 5968616 34109334 53044914 21537739 16714802 193035 23898541 34972418
t9756 3584302 27950435 28132056 18377090 62443447 3121246 33594027 71906211 4174480 2798259
t9758 25566846 31531671 36499094 61545855 81935 28471610 24289849 1321499 20084534 20282181
t9890 5847327 26033946 28844507 6479574 5535078 3875751 6854396 3666103 27465837 39828398
t9891 17301450 25523540 24362122 56989947 7954839 26749575 39030903 60777578 46885664 9164163
t9892 1255260 3941927 26752435 3571517 13416459 1456622 10786058 36371907 8907831 18963107
t9893 6615376 903326 10884910 14775598 678394 11286889 20132084 24037117 8833355 58049439
t9895 8514429 10407217 9349931 29637750 6402716 7107334 1136814 7447867 54288279 9656362
t9896 36116497 10827058 3556744 48320051 22743715 1296192 21272701 17230351 48882522 5136679
t9897 30963195 1621816 9606603 15137914 4372388 27786404 364054 2368278 7857299 13763664
t9930 32884128 2150707 12378029 15137914 43058790 10335365 457367 3735384 12252374 2564140
t9931 1255260 9726043 30053728 54549663 1259198 14706102 27513650 9456919 36813637 27261067
t9932 61371081 19038861 3748727 776826 13135231 37025906 1799192 21461415 19366775 5888267
t9933 17138017 1084763 7273124 33350846 15108723 46362298 54220117 54091453 17743852 18420954
t9934 2439835 5068128 10288260 47270649 5900539 3772547 29176132 12746629 14319053 7942563
t9935 39421864 10716203 20476286 1845265 26026034 560491 8707229 44015982 32875763 8899676
t9936 17532573 10134919 23262665 33226927 15097460 59104120 16783020 2300082 13698186 34630601
t9937 6113430 899534 2937686 2480838 21028025 13613134 6881874 31274229 14832913 61072609
t9938 8514429 1548193 26625359 24819439 8249914 590812 5123131 700782 6398464 24740290
t9939 121724 17819941 83209814 12664793 9742187 17418629 8428489 13816588 16824047 55737223
t9941 25133436 1023632 7925668 21346771 8918068 14290096 233268 443939 15879635 18201660
t9942 23617273 20325881 7114894 47929726 37368775 4199699 957644 68215745 14258120 42473762
t9944 2064470 1872799 6457250 2109786 13102370 26769422 24768687 35461916 13419721 285050
t9945 861660 16180535 30574586 81956335 66789569 11846671 233268 13008361 4365845 8049471
t9946 46048576 21659195 4079342 3715445 10364252 24237149 8462849 9408969 10397302 1877814
t9947 8968674 7345817 6335717 20805892 1195859 9396847 880571 34045214 1288319 13532546
